sampleID	Subtype_mRNA	ACO2	ATP6V1D	C19orf25	DDX3X	DNAJC9	EIF1AX	FAM50A	MCL1	MDM2	MED9	MRPS11	PELO	SIN3A	SLC2A1	UBC	USP7	VHL	WDR73
TCGA-A4-7583-01	TCGA-C1	0.196728312788778	-0.462260412895094	-0.162057500805789	-0.626558388251337	-0.220934807596676	-0.987217302283151	-0.565864040220761	0.0607586398315814	-0.621014427637163	-0.155506711211684	0.276992015367043	-0.346329965640558	0.0346096390414304	-0.105973101421716	-0.661738414406956	-0.735652576670591	-0.0288360060716111	0.516276522036581
TCGA-A4-7584-01	TCGA-C1	0.957404936604479	0.23772023913605	-0.242672541035234	0.722932104897261	0.535670198282475	0.505845133177637	1.44153142170988	-0.414905590708656	0.60005802330467	0.0275748450421342	0.734440401136302	0.969194194944264	0.615411982951563	-0.510843404780583	0.156685231283047	0.711769506345196	-0.837383384604324	0.654672900451076
TCGA-A4-7732-01	TCGA-C1	-1.6091946368913	1.03667749643711	1.15274166151703	-0.593745706700462	1.49197188126035	-0.550848338683268	-0.509691756208129	0.265829392789937	-0.368524213040205	1.3062061351532	-1.02110338246232	-1.09310198495257	1.40662740901683	2.13475784141765	1.12812781074239	-0.252849586492941	0.361888064132129	1.01278025053517
TCGA-A4-7734-01	TCGA-C1	-1.52961984053115	0.288263312098348	0.193913650136037	-0.223877347743725	0.222439589174194	0.0615552463892996	-0.820389958642006	-0.616503510453322	0.743606902648664	-0.649672414637228	-0.206853717753816	-0.446525215741192	-0.638148567286621	0.261023414794555	0.567672463650583	0.853705140991835	-0.0755224454858642	-0.62591550904175
TCGA-A4-8311-01	TCGA-C1	-1.49845148431129	1.40003390554166	0.663305113442984	-0.370299318628162	0.352267336844503	-0.0322115567535601	-0.962194436598351	-0.196165042439705	0.207495954177145	0.310436368192509	-0.751653312622543	-1.22673165553465	0.217205920901834	0.378614577383474	1.27086089455072	0.151470058346086	0.0209663122774742	0.560641160334495
TCGA-A4-8515-01	TCGA-C1	-1.01433703402574	0.217187614439441	0.0233221308327071	-0.461740420181994	-0.362026900497219	-0.432842222628749	-0.900514635799429	-0.00857727576328663	0.554515528930089	0.0753634000253775	0.312085474419909	-0.130186992882061	0.401240463996051	0.359793664265374	0.125458225282781	0.549997026954024	-0.275467879287971	0.425670926908035
TCGA-A4-8516-01	TCGA-C1	-0.713242078778016	-0.215492030952861	0.159052142664039	-0.38782283635576	-0.00901937482801593	-0.109841510495612	-0.519791258767411	0.154832501999528	-0.008668471553753	0.621774889703604	0.0381867762448258	-1.01853794945192	0.647180757850602	0.0721725662336788	0.378340124520946	-0.830842890370783	-0.634035609448621	0.173320987061948
TCGA-A4-8517-01	TCGA-C1	0.317809779126445	-0.21043435092679	-0.264934590979714	0.10059580729255	0.579511646116228	0.657171258135163	1.46477381634265	-0.539611032278373	-0.0984946151794004	-0.250392322556953	0.155182353033539	0.893728019243406	-0.15153950760704	0.518352824428093	-0.653298420560777	-0.26410346528523	-0.993702245722224	-0.204972456390222
TCGA-A4-8630-01	TCGA-C1	-0.478686966489329	0.812758227380212	0.250081531124551	-0.612709915296638	1.03170959930061	-0.595256413426312	0.663406239426691	0.342686375926817	-0.672819620202251	0.981866708302286	-0.599016569313875	-0.647139103039659	1.02734351032421	2.11873322936453	0.883280319455097	-0.953604048113238	-0.0330571925142281	0.764982285928841
TCGA-A4-A4ZT-01	TCGA-C1	-0.512042644241224	0.531741924299203	0.476515442744275	-0.387099436021411	0.173152697323248	-0.278528042094438	0.29820716590793	0.7033224193314	-0.275443425559891	0.0289114855646116	-0.465452482885364	-0.535583637125294	0.400034368889368	0.407255086616802	0.772611830909737	-0.401700387752782	-0.904154733755844	0.656022761922509
TCGA-A4-A5DU-01	TCGA-C1	-1.52825349628243	0.485363154081056	0.431249095457609	-0.414486615064664	0.380376337061389	-0.704963192850078	-0.0372803303601546	0.839406134572667	-0.363053641454702	0.91056550262763	-1.07844859344012	-1.28957952874801	0.0684067970963997	-0.491273554055123	0.818821946507096	-0.396851716081563	0.0413227478455622	0.120853397166657
TCGA-A4-A5XZ-01	TCGA-C1	-0.368624303101379	0.471718368064763	0.561436721205421	0.213986976761787	0.00662424788418771	0.353161135673517	0.432255211819455	1.11297750360619	-0.187356920320496	-0.0194059930642248	-0.324878219225244	-0.22070909071345	0.107634503111395	-0.482120166936755	0.796554607468538	-0.345556165666679	-0.274660236639908	0.91852206605328
TCGA-A4-A6HP-01	TCGA-C1	-0.364091757276385	0.258556466107791	0.558849679866586	-1.15152952210471	0.534184399877207	-1.67651609344157	-0.78383634898824	1.4266612809334	-0.42305315010778	0.424589725795385	-0.189437098647513	-0.696610139556357	0.904112047742837	0.445550536736855	0.128614724707416	-0.81998075318836	-0.481123357280875	1.35903377290054
TCGA-AL-3472-01	TCGA-C1	-1.91978014807096	0.69734895797949	1.57656471072706	-1.28780372596785	1.148865901041	-1.12911314346633	-0.0288654400635646	0.753318114531638	-1.45608532922979	0.998588621849241	-1.42330626199332	-1.30601198180989	0.485101067958531	0.0402329683324054	0.659475510178314	-0.94971618648515	-0.654283221304553	0.00448329868913664
TCGA-AT-A5NU-01	TCGA-C1	-1.47379338526509	1.7079967355496	1.67470720045249	-1.07634720965338	0.647991543195733	-1.52346717535696	-0.119109733052566	0.81557270775973	-1.68513208685525	0.839832199418025	-2.31204892569728	-1.86146154418483	1.33775076629008	-0.05645580215387	0.989029201307456	-1.63122489277225	-1.58906183834219	1.58307323643945
TCGA-B1-7332-01	TCGA-C1	1.07227990248527	-0.289039894313798	1.09570572120308	2.09174361896911	0.00470231072051549	2.315834039714	1.58950363461562	-0.155271192692959	0.160952463993258	0.248726694332725	-0.0363507090339857	0.613973729455857	-0.0959451791461664	0.770979966985167	0.400671305783765	-0.0401228818469606	0.62367683996369	0.302627567769761
TCGA-B1-A47M-01	TCGA-C1	-0.757141875585152	1.61900646643858	1.7459461363139	-0.629341402206541	1.24996724625654	-0.397555322462452	0.454482451887084	1.33027366930109	-0.997619114751769	1.08732086830388	-0.925689871612583	-0.883537884946661	1.5482444256417	0.653012731607577	1.18118523151213	-1.13062837281513	-0.222873485892675	1.63435483701546
TCGA-B1-A47N-01	TCGA-C1	-1.84509462997032	1.56691250364361	1.30506896335306	-0.769593696928596	1.17671578772384	-0.67862512661663	-1.82750386605273	0.859796935989724	-1.55923293676983	0.897801538888831	-1.74677559519634	-1.80941787384548	0.630543638095341	0.863908256351648	1.70431942438118	-1.0756738630442	-0.69827040589767	1.22940063489517
TCGA-B3-3925-01	TCGA-C1	-0.864610192221093	0.18261232346625	0.686649081502089	0.569447816052735	0.545685685875228	0.722931173364683	-0.358559371100934	-0.138070021936912	0.237573682586693	0.415641442438283	-0.477529791295031	-0.825834051976978	0.481451434268499	0.393024840234828	0.670876332859153	0.34005018103959	0.107301924386531	0.945543166057331
TCGA-B3-3926-01	TCGA-C1	-0.948541582828053	0.602042686346619	0.636566855608675	-0.829233288851612	-0.125572282879026	-0.510332954569502	0.300638986236396	0.281668144029362	-0.713394855844825	-0.162839364941553	-0.828822185479047	-0.400539386161244	-0.905456415260204	-0.743126958929205	0.608306161679793	-0.633494361909714	0.3936037748309	-0.815205258559634
TCGA-B9-4113-01	TCGA-C1	-0.215104965760821	-0.049251535228245	0.0413975766885483	-0.36026091702904	0.305688690014929	-0.252648119850288	-0.594325577598278	0.271814924664745	0.18507544961595	0.275897608431445	0.301685729405074	-0.809703539716805	0.0808744845971325	0.317290961513788	0.132498999589135	-0.551804066764885	-0.689513831216063	0.819080966587967
TCGA-B9-4114-01	TCGA-C1	-2.30804337857284	0.882127810408562	1.18854289061659	-0.667752493608466	0.435900289759431	-0.50878740858151	0.323469435910959	0.00680847554255066	-0.466188300230059	1.92699841840779	-0.795319230642838	-1.12410246799588	1.26103948743311	1.15808675348542	1.27490639371075	-0.306150784410405	0.233054125178135	0.478036969027754
TCGA-B9-4115-01	TCGA-C1	-1.022763197544	1.67369748780066	2.10224669747811	0.0688999972038292	1.93363750279345	0.206164379418065	0.154879107575208	0.915773168195148	-0.664766051556513	1.55866581140616	-1.56777427131467	-1.16901923075353	1.40830234301548	1.87356313641432	2.21521203262007	-1.03427906026918	-0.448315141863985	1.42442388791374
TCGA-B9-4116-01	TCGA-C1	-0.2797975366615	-0.169744911917383	-0.499617725324454	-0.173799593010378	0.18860600007398	-0.055794625932224	-0.18136364206757	0.309924783536414	-0.303452729558084	0.832316665163368	0.0365116045856588	-0.827607033635768	-0.316320753472038	-0.0488009688592589	-0.0793004930862259	-0.234803974464524	-0.0848231387282551	-0.169731986818725
TCGA-B9-4117-01	TCGA-C1	0.028008212754035	-0.837241195708575	-0.509703791450334	-0.176941863212708	-0.583589806474623	-0.449684994026452	-0.607517055795148	-0.0334668507151482	-0.576496574642188	-0.365066964740303	0.705810129368655	0.00717643346744073	-0.728618180207674	-0.177160237918693	-0.269862410145581	-0.534236541760341	0.379419350780705	-0.565719592098142
TCGA-B9-4617-01	TCGA-C1	-1.54755987710204	0.847699142640378	1.08593418489652	-0.801760572606661	0.463960081603719	-0.510509588396701	-1.1541213148228	-0.214371774842102	-0.189317250696201	0.592822179988509	-0.594261320466422	-1.21967164134194	0.646743316852107	0.575343151460987	1.18229243438724	-0.178983113056387	0.171087022848581	0.71481090190033
TCGA-B9-5155-01	TCGA-C1	-0.161869101141553	0.370250979171377	-0.177848240732384	-0.931750236065146	1.15338544246082	-0.493555807545099	0.113710004761454	1.16977959358564	-0.48087219938547	0.855364181667494	-0.304403526898765	-1.41568277251686	0.168400965954784	0.283444040382961	0.757587994376478	-0.893680910290548	0.305417092716045	1.59550143194261
TCGA-B9-7268-01	TCGA-C1	-0.425248320968886	-0.254163830536819	-0.3479379627612	-0.606902550281442	0.194367930215572	-0.441204730385201	-1.35179895472036	0.923496141215018	-0.874949836971179	0.892181929189259	-0.229089684223372	-0.874717163111495	-0.86131142274883	-0.71887655661639	0.29572077547819	-1.03712324343667	-0.352697507247466	0.304068998333618
TCGA-B9-A5W7-01	TCGA-C1	-1.26884565040443	1.46002186702661	1.80290600929665	-0.411806245751497	1.13851184378402	-0.38052794418285	0.473025066178146	2.03314221797877	-1.00315217820163	1.74616039681757	-1.03426606051637	-1.15050694562463	1.96587693142704	0.799131137412764	1.98703959937018	-1.15514815239594	0.450510041095609	1.14597727848812
TCGA-B9-A5W9-01	TCGA-C1	-0.476540620650572	0.518552626579747	1.0787545247168	-0.089528341898767	0.115112871773048	-0.432788864493449	0.514753255107736	1.00988064150939	-0.373334397626657	0.130272543067475	-0.289678088761758	-0.594093872967822	1.27730728575213	-0.043363644814779	1.01212079137526	-0.58112731706193	-0.568896082529879	-0.0827984818687623
TCGA-BQ-7051-01	TCGA-C1	0.135920140050377	0.00166593338219243	-0.123159267673146	-1.15218510365771	0.0838153653099295	-1.44775872779759	-0.956433241165236	0.042060327699463	-0.528681290570099	-0.356033933464181	-0.499052063842405	-0.598120977725518	-0.469028419779927	-0.763538284857665	0.712929452024504	-0.239949929339679	-0.119567242632476	1.9207278470889
TCGA-DW-5560-01	TCGA-C1	-1.53302423771494	0.384697524187495	1.39415965554551	-1.25680504407296	0.916456051042818	-1.40709001570883	0.418035379722507	0.510564501126891	-0.770480892443259	1.02340585510609	-1.29564880596098	-1.27741229636061	0.0933868422870019	-0.0270762259900484	0.247827452515849	-0.524390846565645	-0.310011406154101	1.24150223396868
TCGA-DW-5561-01	TCGA-C1	-0.710938659448332	0.349804936297871	1.11047761013852	0.191970923005075	0.0047852912944344	0.434909478824045	-0.209708899589629	0.61251332980404	0.445664272040168	0.41924806054209	-0.323114074999371	-0.876682233125841	0.26159437089635	0.0375622716305709	0.847725509936007	0.461519055069027	-0.797151151530174	-0.385552967784254
TCGA-DW-7834-01	TCGA-C1	-1.41783131996649	0.518947337832131	0.675699844558642	-1.00978826909311	0.600410928242694	-1.02816261803881	0.435075469719127	1.32196035775333	-1.22821972413971	1.24932546039868	-1.16992913416374	-1.47548423487725	0.936202131053313	0.0762584095397353	0.285525444208384	-1.39345801806371	-0.179116218063966	0.873422070549472
TCGA-DW-7836-01	TCGA-C1	-2.04497113498104	1.63132123115526	1.7118555626484	0.460599282973607	0.325959684279836	0.661973490312135	1.12409445595536	0.163494556393155	-0.908739919917603	1.12300072157859	-1.57262136281163	-1.50002735792964	2.14017787992723	1.45228968054445	1.81481606986042	-1.28580267177742	-0.618156949566029	0.74119427926498
TCGA-DW-7837-01	TCGA-C1	-1.82156287468359	0.681020871109533	0.943021343413332	-0.922245830996615	0.302112896477197	-0.666198200898902	-0.742759012979333	-0.293551916414287	-0.64878108304491	0.804729062914273	-0.935885362401699	-1.41051848014624	0.277621014574577	1.03420827819023	0.992071095522213	-0.853190706114647	0.0806321131646607	0.693478760033631
TCGA-DW-7839-01	TCGA-C1	0.360142060543068	0.192563574180483	0.0837793282949239	-1.13355937798825	0.773495913738438	-1.03375295600728	0.783015595697105	0.559271624843543	-0.678295258695677	-0.1942427128635	-0.270468624601611	-0.201242500814929	-0.791303232626822	0.0759952943094719	0.957621546417041	-0.339343352354006	-0.327593370511769	0.734438058571774
TCGA-DW-7840-01	TCGA-C1	-0.484072343321118	0.279811454838333	0.933638900101025	0.0888491055795421	0.695267093006592	0.220386469067083	0.562576645498498	0.57324424821817	-0.65228006445933	0.86080215137422	-1.08980790280341	-1.03237444806012	0.885696341321672	1.13129199913468	0.846255714306485	-0.61057052373951	-0.500892998322629	0.944846745281761
TCGA-DW-7841-01	TCGA-C1	0.156757938625945	0.477416357455813	0.155821967081497	-0.173323028600925	-0.661197611298431	-0.306623860233277	-0.441616186235172	-0.134899656265169	-1.48101902011986	0.424727881879088	-0.104206641561442	-0.704332950630852	0.300758637319013	0.181595928789501	-0.150485868110597	-1.264063909927	0.472525504824515	0.432700159154579
TCGA-DW-7842-01	TCGA-C1	-1.33293436641561	0.865026825146481	1.18515596046312	-0.693881053826755	1.230097413992	-0.157806180946736	-0.711246355048579	1.33343020403464	-0.335933298301781	1.11291101825207	-0.889074790330187	-1.3105054991881	0.703854747944915	1.27035108191905	1.06671599391598	-0.112388777877526	-0.57120325191751	0.57056264541054
TCGA-EV-5901-01	TCGA-C1	-1.51177931635823	1.05173854603956	0.81468673074625	-1.15639781084127	1.04822514262393	-1.05433386343546	-0.409521877611225	-0.877408165430654	-0.486336015093746	0.888614877525303	-1.37083158152198	-0.942128515596148	-0.280987228147026	0.178009541732966	1.37270627115564	0.0562293281961027	-0.164270849997292	1.13358134087179
TCGA-EV-5902-01	TCGA-C1	-1.22716117518641	-0.0479717653396899	-0.383259366011713	-0.785469401563509	-0.330082234783956	-1.10285603440368	-1.02928175350787	0.197378093514104	-0.140569092576857	-0.402139935386451	-0.106509883006014	-0.40890412828977	-0.740336923949748	-0.20589192752959	-0.156247855470561	-0.473875881873379	0.308036330101771	-0.00930730664256649
TCGA-EV-5903-01	TCGA-C1	-0.841852097048058	0.555534213162097	1.07623753408409	-1.14278151029118	1.07691638986781	-1.09899032949801	0.806820784830284	0.854739532172215	-0.419034529136562	0.980326032920843	-1.23623139520376	-1.63606028090902	0.903571102647563	1.11176230972573	1.03131787626577	-0.547899399653533	-0.338960113936423	1.17039479005231
TCGA-G7-6790-01	TCGA-C1	0.891123142951963	-1.13926405993619	-0.347360205595222	-0.0357651557323158	-0.463412253418977	-0.584184293695676	1.67815596210244	-0.178319703930911	1.26597752281764	-1.08623558430002	0.949384011058043	0.417790148351509	0.220880960142894	1.22823870274587	-0.975836330384136	1.03035568856598	-2.13271469765032	0.600846840024379
TCGA-G7-6792-01	TCGA-C1	-0.595881351732421	0.923310482862525	0.188613648090907	-0.6171242458842	0.423476268702073	-0.858480067914394	0.571190782898765	0.417773064524212	-1.33777697019998	0.682134277189544	-0.891252704825958	-1.34675189681062	0.719354214058445	1.26488963640798	0.114494326871017	-1.3448617759606	-0.601116436521297	1.25735777451066
TCGA-G7-6795-01	TCGA-C1	-1.03064545751449	1.25105069507613	1.59613539535164	-0.275902906755707	1.10113935627221	-0.0434952690896947	0.332208778431265	1.16311393351878	-0.979476769445307	0.861703104020257	-0.816415774241995	-1.32407196943705	1.73973442082661	1.60956287658645	1.30590716773174	-1.19918257504217	-0.194243247503282	1.1571258154907
TCGA-G7-6797-01	TCGA-C1	-0.294513420318475	-0.0336752954836185	-0.267762941959605	-0.947604556399634	0.0727191672749106	-1.13810981572738	-1.49608214207121	0.761645807633139	-0.006736290666498	0.175849360179532	-0.250236932618609	-0.970371027170231	-0.757161192978564	-0.589847438748	0.452608185444945	-0.00919905414392733	-1.02759283031541	-0.270122756907102
TCGA-G7-7502-01	TCGA-C1	-0.501126524427657	0.500046752206312	0.753347077034334	-0.515491386748203	0.69598210895186	-0.397795127415351	0.672468651383242	0.322818790380244	-0.681653492667842	0.0448861418440923	-0.494903837506512	-0.49732061861984	-0.02437303716947	0.865718106647131	-0.145828493677488	-0.864441687409822	-0.680094712169267	0.856558161248261
TCGA-G7-A4TM-01	TCGA-C1	-2.39763478071778	1.8061943307693	1.64506328875016	-1.21131513825062	1.10908853834796	-0.858028670355996	-0.649403888159968	0.390432688620369	-1.04035454213805	2.2301498861364	-1.41010818625144	-1.26884994256919	1.59300660466318	0.766948103943233	1.38252133327424	-0.858092112233348	0.171502046613569	0.538724645912157
TCGA-GL-A59R-01	TCGA-C1	-1.99206907592029	1.53927292600586	1.56003811606689	-0.980199729066194	1.52487118047937	-0.639628916079156	0.772210745820013	0.452806896521532	-1.41464421532247	1.92833780115877	-1.84407857722075	-1.48068043969033	0.658944914634182	0.102168442784447	1.17285142554404	-1.17485055327437	0.0122886881321373	0.991128269046501
TCGA-GL-A59T-01	TCGA-C1	-0.236942278569029	0.769793440695411	1.27464563010529	-0.95955838033675	0.722827083039258	-1.1350733085105	-0.569870352646102	0.883184659180592	-1.33826114140133	0.772733001888426	-0.430855069809242	-0.269669528150843	1.60766419915807	2.14541656845012	0.563448905548655	-1.49143166749199	-1.39383049838482	1.52153701929859
TCGA-HE-7129-01	TCGA-C1	0.280081897339828	1.2270714913363	0.553822789623579	-1.07533725969335	1.84890407578344	-1.55345812726678	0.755056575857093	1.28589038528185	-1.42094857475588	0.954100991782709	-0.480479758063187	-1.01512270440825	1.76660746185268	1.59266304395379	0.855548837104847	-1.64377047577813	-1.06246389521715	0.800592553758203
TCGA-HE-A5NH-01	TCGA-C1	-0.0230240863976383	0.389030463423705	1.08159614450376	-0.823094772669848	0.224761305328667	-0.778921861558752	0.76126623440842	0.244156705935245	-0.902750271765067	0.125382562023564	-0.538106715502228	-0.760614838808767	0.367420871799531	0.0991755301746025	0.111618189343995	-0.775912140076188	-0.691917554975753	0.873327631770391
TCGA-HE-A5NI-01	TCGA-C1	0.012892572184592	0.293171652626922	0.270113347084584	-0.179635674086143	0.0613309757687632	-0.177232835379124	0.765526036918659	-0.325061540145218	0.0102817640712424	-0.187773012327534	0.265358613096642	-0.0703370481571715	0.494312140196047	0.674102481495521	0.406736317088494	-0.717337497410535	-0.931675397040897	0.183497287269119
TCGA-HE-A5NJ-01	TCGA-C1	-0.0884359270572365	0.0361047872472114	0.166782968675743	0.0175031366243172	-0.175290138355809	0.209522875382445	0.0986728195616009	1.00965829770675	0.00290265716878265	-0.282100841336758	0.293987210649325	0.478439745240262	-0.369881795951344	-0.0671575283224484	-0.913620593622222	-0.0266680642465812	-0.419060767478399	-0.0630493635143901
TCGA-IZ-8195-01	TCGA-C1	1.51923271604094	-0.968289122991755	-1.12520738289968	1.67356018261399	-1.39293191155128	1.60248422239721	0.609486893327048	-0.572498315777728	1.0506260543132	-0.977948702253276	1.56647190298702	2.07869960513994	-1.19957915377639	-1.42925004637144	-2.1566940961637	1.47995162331445	0.382135675988061	-1.62768301066064
TCGA-IZ-8196-01	TCGA-C1	-0.482357705679475	0.135387314958762	0.379173593911605	-1.03350590218358	0.436231899762625	-1.46011389602302	-0.518133987984245	0.113486052826456	-0.347515686819697	-0.681606971395188	-1.00109412189608	-0.0214195697769321	0.126010194551604	-0.163034065485947	-0.584978175783384	-0.149135415781637	-0.00207284117509715	-0.0558347103777034
TCGA-IZ-A6M9-01	TCGA-C1	-0.742815797600847	1.29674965650935	1.34273244535042	-1.09517883558693	0.345057975659777	-1.20744288608628	-1.60305520931408	-0.137766678654045	-1.29714881351911	0.0458138638636253	-1.54243431030019	-0.982769624765433	0.950944482032122	0.470442409662631	0.0349518363443352	-1.23330350106122	-0.946374066475989	0.798463702799655
TCGA-J7-6720-01	TCGA-C1	-0.392534595745128	0.917458683409256	0.754858539202809	-0.405813142812617	1.39187518096098	-0.503389037237742	1.16347592883988	-0.162539966879433	-0.0839351367629413	0.811124788571773	-0.407174494998543	-0.318612781965375	0.690417192390915	1.79538040445406	0.893381117613929	-0.246572448744328	-0.54792457960828	0.766473153367383
TCGA-KV-A6GE-01	TCGA-C1	-0.901159047214011	0.351854322391792	0.461215541239394	0.326789772479351	0.17417380451457	0.66107314844294	-2.39516364132885	0.346374779060905	-0.501757430846564	-1.3149544172753	-0.292474506100276	0.267282477914792	-0.631305015073336	0.527583634668145	-0.463503775669256	-0.480425963850168	-0.75284283029628	-1.34204614043492
TCGA-MH-A55W-01	TCGA-C1	-1.17617877857549	0.747298407853973	0.672908990045682	-0.195779598946375	0.27175298127294	-0.417215648728739	-0.593702066157121	0.304829597004328	-1.06347090205374	0.651555491262437	-0.800611663320458	-0.691535447504943	0.0801897728066668	0.482632387135985	0.53836719924874	-0.903528923482936	-0.345606362121507	0.262523892396508
TCGA-MH-A55Z-01	TCGA-C1	-1.04244255473369	0.370212215413974	0.856803374810636	-1.2516801437313	0.421780698974995	-1.49598282918242	0.252845262922271	1.38434942571937	-1.2642324906942	1.08830291256427	-1.68075938574175	-1.8138819335845	0.826468375258451	-0.0336924173112222	-0.135077618508947	-1.33503520424686	-0.278076447682309	1.0838905641382
TCGA-MH-A561-01	TCGA-C1	-1.32167209955495	1.14640948817701	1.71398748927686	0.0669008706041753	0.982374079048816	0.528333440614807	-0.188263562982484	1.19994146121641	-0.662863709127015	0.746517689132367	-0.866882353449718	-0.996717203221413	1.2487528578165	1.03587808825764	1.59972637168223	-0.783536613982992	-0.377375951226787	0.468307818177889
TCGA-MH-A562-01	TCGA-C1	-2.10396198694165	1.14473104577619	1.27269849981817	-0.245961831261794	1.40302553943511	-0.0733482258220226	-0.128035500465459	1.23428059992942	-1.35650088393783	1.7517424641031	-1.51552537069003	-1.83839989490341	1.18458997489401	0.678762304661453	1.52308209799137	-1.34336724694899	-0.13263515673393	0.510864619101948
TCGA-P4-A5E7-01	TCGA-C1	-0.048007064154893	0.91597621019367	1.02775180890809	-0.80874224120515	-0.314833126703562	-0.95796293796522	-0.427057319792094	0.620370875886064	0.172512895910182	-0.496104353827674	-0.364272497349376	0.120776750502294	0.233836800697193	0.471267166406685	-0.035178134769849	0.0971437259495514	-0.157334405246457	0.269508448839412
TCGA-P4-A5EB-01	TCGA-C1	0.538118228226861	0.31027954179908	-0.110580008815495	0.189311327012318	-0.962759277958805	0.036899494697542	-0.963321345532677	0.242496914692485	0.143553828171664	-1.40329387214225	0.127111316898883	0.325511025082559	0.0831987210899822	0.218792093965109	-1.15262231272379	0.0232459595441607	-1.2373323982116	-0.705052988426347
TCGA-PJ-A5Z9-01	TCGA-C1	-0.0634197785006556	1.15803239056084	0.976203030654727	-0.436017550691754	0.568509938863769	-0.346771870518946	-0.0277227547812818	0.668325262262612	-0.561183252925019	0.351667993656882	-1.18265077616132	-0.527082039714694	0.726141210444686	0.624035447217858	0.695369861912435	-0.464583608627531	-0.705420230476262	0.15730474406717
TCGA-A4-7585-01	TCGA-C2	1.44072523892969	-1.80504319415859	-1.33571534168842	1.47643359150377	-1.55402352732302	1.42467590290974	1.73829408057991	-0.810719576620614	1.63207738383222	-0.999945749366715	1.08680811967492	0.740084337634511	-0.0915368950931848	-0.812664026712502	-0.701801676335016	1.3294515666971	1.48726362464806	-0.370318062202036
TCGA-A4-7915-01	TCGA-C2	0.537119006677746	-1.13717115657301	-0.809760404294836	1.45133697652596	-1.58189295459262	1.85463085065946	-0.264686895205745	-0.414649554478373	1.57611524370967	-1.50260406917953	0.677881832018434	-0.0713919998606885	-1.21248274704739	-1.04229113494902	-0.442025334866386	1.92955161455889	-0.219701594753057	-2.03227687144501
TCGA-A4-8098-01	TCGA-C2	0.781560675705618	-1.34417154514348	-1.53125259431519	0.430329500233173	-1.44712714896275	0.289801723220583	-0.689450670379639	-0.900435563184281	0.0651608807751433	-0.819514295797872	1.38768277389347	0.228170097479339	-1.66682017029745	-1.67691643350157	-1.40309102768388	0.236586933578392	1.63442827777533	-0.797916374752559
TCGA-A4-8312-01	TCGA-C2	0.995831990548071	-0.727877035243295	-1.01573472865628	-0.117339541070432	-1.54444596301714	0.00850806022290512	-0.869919771625104	-0.190311579637291	0.672578987410379	-1.82438826139349	1.03951178609002	0.422008727763944	-0.618671919111721	-1.47067110801349	-1.03187115565732	0.07212847436218	-0.386171467726961	-1.28522504022027
TCGA-A4-A57E-01	TCGA-C2	1.14551844202648	-1.31064146088449	-1.01201930151815	1.62320321001511	-1.06560120763211	1.16049302861006	-0.915986833366646	-0.34675581244042	0.656144190073336	-0.931989801302925	1.255827247754	0.636523552256338	-0.749022700515235	-1.54293766471771	-0.874773312395589	0.83508814253246	1.38287426538216	-0.651051420572506
TCGA-A4-A5Y0-01	TCGA-C2	1.04164686442984	-0.706456805386306	-1.00002918843821	0.817765367478382	0.184262457774649	0.625956135672943	2.27386231280703	-0.430554609006824	1.2852154462146	0.0650233051199339	0.794091006120776	0.878882596492925	-0.709256971290952	-0.574408342908345	-0.453897010138321	0.994237807535687	1.53178671267859	-0.689148924091803
TCGA-A4-A5Y1-01	TCGA-C2	0.426294390517037	-0.35302357864026	-0.443001713208224	-0.0885037284184427	-0.372875985952164	0.165130133436901	-0.0563665686889763	-0.0409520056689668	1.69928451270412	-1.36791794919346	0.877369806904905	0.916955981446089	-1.73898976367297	-0.536582613623748	-0.191811729808511	1.69751193264666	-0.571904738101263	-0.118488057402104
TCGA-AL-3466-01	TCGA-C2	0.779350719981094	-1.4641258509523	-0.494928464443434	-0.6804028347594	-0.878572808925268	-0.575996579830722	-1.49492688599374	-0.392273325160902	0.27822717380716	-0.266814353829596	0.707899549644851	0.0465477956474436	-0.772115900687991	-0.209534824211195	-0.928440277485	0.0188788518933534	0.245795568143118	-0.222475066633103
TCGA-AL-3473-01	TCGA-C2	0.148039384267742	0.292338882621174	-0.761108093812301	-0.371872592159369	0.252599637189657	-0.15530754826615	-0.0381989412182718	-0.541020935831148	-0.946844193463976	2.16871502274745	-0.185827969530318	-0.144230308665411	-0.042963066279948	0.105318052389572	0.861037843919699	-0.691430396211356	0.225727195342503	0.504840690267526
TCGA-AL-7173-01	TCGA-C2	0.966045002997807	-1.17777373081218	-1.1178175168817	0.510416760221791	-2.38639541845491	1.2574797192279	0.291670980951682	-0.909421412295452	1.26676401952495	0.240039836759718	1.68357415118635	0.857743671869516	-2.08280268954288	-1.13977048496069	-1.38327662862897	1.94039636675863	0.110069460752549	-2.20936745254304
TCGA-B3-8121-01	TCGA-C2	0.943698372078179	-0.371538224374858	-0.59175336699919	0.0772557598495749	-0.34579411571019	0.0810708310471871	-1.06925776215065	0.611071110362497	0.436767907710216	-0.462599283630495	0.704310989454369	0.914723951576577	-0.280586087867641	0.223764324053914	-0.835830850570922	0.462824087769347	0.0189653429426757	0.326551167128172
TCGA-B9-A44B-01	TCGA-C2	0.882108978235058	-1.10551695522517	-1.04435323554371	0.57307887026476	-1.13463613767943	0.358087870166189	-0.340080365033506	-0.374792461370807	0.424436742799513	-0.625249866411562	0.764306434886899	1.05529519209378	-1.34419695968939	-0.452560759378744	-0.717702016103378	1.18262785441849	-0.179174364067031	-1.85557982873992
TCGA-B9-A69E-01	TCGA-C2	1.28725087729057	-1.99782356518868	-1.2394959694697	2.0475862605532	-1.04156316299055	1.6386910904135	-0.0431235502318496	-1.13832370162003	0.935355025087214	0.323899208453026	1.40644775789779	1.3657056787666	0.324055824752359	-1.20964475974249	-0.22818431548623	1.09198487268962	2.35077263238521	-1.35517991362289
TCGA-BQ-5875-01	TCGA-C2	2.52411105717586	-1.28015758547364	-1.68457199464878	2.75414859674863	-2.5329172515221	2.84393177101305	0.436319601318549	-2.5059622015027	1.33422505678267	-1.2955479273136	1.73896416609343	2.15563436689462	0.240738790630192	-1.93760557477406	-2.3444964233671	1.11576115451087	1.75502500854848	-2.26035369714188
TCGA-BQ-5876-01	TCGA-C2	1.68592866560797	-1.43065716622146	-2.12565136918775	0.878494336763005	-2.32115930339104	0.228250354248837	1.31390447512469	-1.82230292504318	0.261715246871762	-1.70624959698857	1.94985947639533	1.12160188310878	-1.45192986738947	-1.76997964268249	-1.4014509429572	0.00866865156166644	1.48795049431361	-1.70339577990054
TCGA-BQ-5877-01	TCGA-C2	1.14440048852801	-0.926805281608016	-1.55687535911821	-0.0216606821525395	-1.60697762518265	-0.115052208397982	-1.33268003232406	-0.952100410091612	1.02121265383108	-1.52094213468296	1.07690561650466	1.28787736862314	-2.34927710668167	-1.86790909555935	-0.664587357477396	1.09178842238526	0.379935729963878	-0.621019106182984
TCGA-BQ-5878-01	TCGA-C2	1.83642677727754	-0.061182849988489	-0.384369970535137	-0.475781351840512	-0.278241994982953	-0.662424492778224	-0.927292629431845	0.950266938108163	-0.258954581205023	-0.535691686847826	0.304992543134321	1.00472133520988	-1.01674634772162	-2.18022409775388	-0.233222412311478	-0.115534880244331	-0.702151784964583	0.0925348726928167
TCGA-BQ-5879-01	TCGA-C2	1.23693775033664	-1.31235923293698	-1.20936207886352	1.22677616091155	-1.49569621423608	1.50193418964039	-0.784524851440502	-0.601484488112461	-0.586587040272217	-0.83827570914947	1.09585887794046	0.0656928063181328	-1.76395306992352	-0.577191010100901	-1.18585717610166	-0.27128809913007	0.358684166018347	-1.17799789387274
TCGA-BQ-5880-01	TCGA-C2	1.98512166575904	-2.312937261533	-2.23339934711188	1.58779997321285	-1.40626992347846	0.871257589819328	1.06195148420786	-2.71823098503739	1.32208924932182	-1.90381651827931	1.84650157636357	1.93811081277939	-1.27470975669567	-1.63746148730818	-2.67066738309233	1.24787427393973	1.72186919739217	-1.21306892149116
TCGA-BQ-5882-01	TCGA-C2	1.83775248729709	-2.33859377588511	-2.06113488372089	2.21753096190424	-2.38563743998669	1.90168107306768	-0.188689524377315	-1.7880775802103	0.819539021764826	-1.52944696051619	1.94592746296348	1.97603193855998	-1.53954207391053	-1.3809185238541	-2.149365190115	1.0009860783151	2.52259833903584	-1.25950416915252
TCGA-BQ-5883-01	TCGA-C2	1.11688701780745	-2.11814174101224	-1.87202618009813	1.52741437469503	-2.35450857146412	1.35087669529506	-0.144044910964891	-1.64227294409996	2.23066949985863	-1.54136089870975	1.75376087795323	1.9078676365436	-1.05064864414858	-2.4123466364861	-1.77804949000334	1.78658331194068	1.79589252671482	-1.52638404996543
TCGA-BQ-5884-01	TCGA-C2	0.787303663022496	-0.920115845458288	-1.20042448976707	0.32869175325708	-1.43366734296739	-0.374673882097384	0.868818501039424	-1.47394151153928	0.260978293264124	-1.94398892533824	0.986022053002814	1.01342729499237	-0.725245135216453	-0.624254397407626	-1.98225525442185	0.159558131791193	0.128411590746604	0.00702825421297184
TCGA-BQ-5885-01	TCGA-C2	0.813518106704738	-1.20805756259905	-1.70129692305667	-0.216091629449286	-0.746609159127568	-0.374148887110987	-0.60780253855379	0.468415077499816	0.810420276476114	-1.17772703495942	0.923107446357481	0.531423605230452	-2.0327470188235	-1.98438555027121	-1.54540479887122	0.467614229998856	0.761013644984089	-1.12338025646973
TCGA-BQ-5887-01	TCGA-C2	0.735205020233659	-0.898473558690281	-0.846680994256088	2.45301121229524	-1.78884873660721	2.64710710275428	-0.768048938731768	-2.72559815553346	0.162033967339534	-0.411016137308578	1.52225665111939	0.983984384621262	-0.947884230234863	0.184861395464364	-0.602552269605629	0.444842220677446	1.80255931270832	-0.807913319543658
TCGA-BQ-5888-01	TCGA-C2	-0.0428348584893619	0.0514127931084977	-0.302668499722268	-0.739400897669689	-0.0546390606702837	-0.945289460863692	0.10947509242568	0.0247517384047542	0.564908883055848	0.291754218302923	0.0210533386411577	0.735693921993464	-0.27170469351159	0.596526857854369	-0.725198621301004	0.922102298875269	0.352339316839971	-0.588510513088944
TCGA-BQ-5889-01	TCGA-C2	1.4529598004553	-1.11004524116292	-1.53278951970046	1.92181969093849	-2.21150270561766	1.70409896461242	-0.206102715575014	-1.24789927669491	2.56874429316149	-2.76157253625487	1.7076574942829	2.14276997037972	-2.42369635417218	-1.12556355805282	-2.53612798905199	2.36686447954005	-0.11556637086202	-2.95437893655454
TCGA-BQ-5890-01	TCGA-C2	1.47657726323382	-1.63326542301522	-1.51085387166584	0.25555988972643	-0.454174017201932	-0.084758893721457	1.26392267920073	-1.52228791652187	0.818214306838338	-0.591920168256361	1.72040353198426	1.18805156641402	-0.0992481483972235	-1.56699287439546	-0.79288238629698	1.07383668926335	1.64900772123166	-0.313765669010742
TCGA-BQ-5891-01	TCGA-C2	1.41793577783906	-1.66390972945122	-1.7353848644487	0.745892122772698	-1.34163430224521	0.966953258887677	-0.104994427117578	-0.917948546214734	1.64769246806558	-1.96319693018914	1.36555400501638	2.02305700910255	-2.68604803970872	-1.43510459158879	-1.85357367582657	2.1307590296769	1.47669492177922	-0.390945891654859
TCGA-BQ-5892-01	TCGA-C2	0.303664384437294	-1.01931914797223	-1.43966806475257	1.58366730441087	-1.88991684497997	1.85788017710564	0.778397902647959	-2.70986366072626	1.39804675927656	-0.731976224565783	1.58524559290916	1.70610183281262	-1.11671030725032	-1.18664336820386	-0.558466170564694	1.42955951249984	1.57093054859631	-1.99322669717569
TCGA-BQ-5893-01	TCGA-C2	0.593247121095325	0.248901743990331	-0.280030625590602	-0.956668444879426	-0.838912109781044	-1.06941090987308	-1.41526638544851	-0.797557216801067	0.0160557871422449	-0.811612107324081	0.192660372543558	-0.00497607010035597	-1.58183137168008	-0.778979416524423	-0.676643566561847	0.117353768322417	-0.330937032412732	0.343531494399451
TCGA-BQ-5894-01	TCGA-C2	0.646189472921144	-0.938429032833248	-1.3342642069302	-0.876033746799949	-0.700410393796339	-0.981023465405087	-2.30754369039657	-1.06402291839461	0.439568218821289	-0.413504056764859	0.119043705495442	0.342111018467334	-3.05003133881941	-1.75903756553218	-0.611923997333253	1.03170302472417	-0.0307254844464063	-1.33159917659986
TCGA-BQ-7044-01	TCGA-C2	1.28054930265375	-1.38882795956556	-1.66900591120458	1.32085180827764	-1.88889520243011	1.18675565747981	0.65487758343368	-0.738370266670095	0.602065644820972	-1.2914566529672	1.7530559856183	1.52132523152421	-1.22415716726476	-1.04616623930394	-1.92124513856838	0.44327235674087	1.54387147922365	-0.817735604769578
TCGA-BQ-7048-01	TCGA-C2	1.15107898994707	-1.31961456335536	-1.15592853908824	0.197111708827047	-1.26561606615728	-0.207642679316648	0.434449444118932	-0.946798637849502	1.21936647386147	-1.58741793226587	1.51330648925587	1.73715515549623	-1.50344043923574	-1.97662966592217	-1.19990764533542	1.24538995991386	1.2390711980614	-0.239306952840026
TCGA-BQ-7050-01	TCGA-C2	1.41794177785129	-1.26051256593742	-0.752895776635682	1.69785213691585	-1.20015956182719	1.78349770987407	1.32862481343192	-0.701132595937927	1.0338579670329	-0.755293067083743	1.19646178549541	1.49990425000555	0.384953821988594	-0.595086979104736	-0.925172410285795	0.880366750439603	1.02693377435078	-0.304238309308995
TCGA-BQ-7053-01	TCGA-C2	0.515316035402958	-0.814665975649269	-0.814279104599197	0.63644971712179	-1.56672803164287	0.279004980533045	1.02254160132622	-0.515320299587155	0.600293353028117	-0.58247319105837	1.3387040456077	1.14707844510302	-0.669040776389968	-1.61338073725403	-1.12439899920166	0.152396677923267	0.437784601617708	-0.927290197436361
TCGA-BQ-7055-01	TCGA-C2	2.06920417862528	-2.08476756062426	-1.48672688283023	2.16028213476865	-1.13463167635825	1.47676325595264	0.649388922840167	-2.20642996482881	0.663922456722026	-1.54915627085417	1.98396443109821	2.27068940034484	-0.613057242811108	-1.04969475951734	-0.685842415244062	0.566104213412916	2.66935223599467	-1.19007601369179
TCGA-BQ-7058-01	TCGA-C2	1.49167880621355	-2.12751351599538	-1.72511416314109	2.90478614642269	-0.910125056827674	2.71125462099871	-0.678187866433971	-2.97043866741837	-0.0349302553089271	-0.613163167822218	1.48592302928995	1.17268572537117	-0.575328860494678	-0.367289215750517	-1.04839696792706	0.178334492591859	2.42988213662726	-0.618332492490527
TCGA-BQ-7061-01	TCGA-C2	1.77290513559308	-1.14403341683238	-0.989071947234632	0.879203073577064	-0.961387421696434	0.802743904158824	3.41592319740753	-1.14883705003336	1.69924690498755	-1.50252376105904	1.53635454565283	1.77811324113722	-1.65690730066498	-1.57762544413423	-1.3441276184317	1.54760876043487	0.533805524108688	-0.676427342260041
TCGA-F9-A4JJ-01	TCGA-C2	-0.333623548825251	-0.021751337348867	-0.507588840299749	-1.36972453697284	0.55453980233881	-1.5679065290069	-1.12682948993721	-0.347568717639145	1.15574074810617	-1.24471158122107	-0.112308406950166	0.267387420754408	-1.04156653108237	-0.619338183410047	0.191738238329503	2.16526706131044	0.886924066917976	-2.07172527995817
TCGA-G7-6789-01	TCGA-C2	-0.471193097554485	-0.501196428513085	-0.972416908373271	-1.15034910872129	0.102659093703429	-1.19144464517487	0.14932470172288	-0.178841720246092	0.166126339970492	0.412511515056175	0.021325518159737	-0.425443978994531	-0.683293983845384	-0.286959549879726	-0.0251388478818556	0.324739226787732	0.966503540230652	0.234387527805246
TCGA-G7-6793-01	TCGA-C2	1.58074591460678	-1.81839377174461	-2.1015585999072	1.82642371576621	-1.5900727869733	1.35972678601201	-0.210527886895907	-1.79735407567198	1.26808479352306	-1.34272561825189	1.31928028193205	1.46457189837908	-1.92812418637593	-0.951124946478669	-2.38709200719255	0.959632999498533	0.989327180057189	-1.19629782046525
TCGA-G7-7501-01	TCGA-C2	-0.764370622028323	-0.330366303911999	0.0793452905004273	0.137926686033048	0.212385600379671	0.705219952316586	-0.691052189686161	-0.165507057089392	0.774444104256611	-0.762989784293162	0.522259389410787	0.0648759705314074	-1.36085586978081	0.38775463908807	-0.272691928604177	1.52810396885965	1.40737917821656	-0.386428613535593
TCGA-GL-7966-01	TCGA-C2	1.51724110222492	-0.712425292237771	-0.818699712427028	-1.47239728408946	-0.937874920689696	-1.01886296969917	0.516275892674474	-0.98395896020693	2.7096057408431	-2.4435133350085	0.772483109436625	1.00642374127478	-2.93120913095144	-1.60456498897628	-0.341411025411432	3.07368630011788	-0.421870979809968	-1.93773439232361
TCGA-GL-A4EM-01	TCGA-C2	1.12804021127503	-0.327337071891909	-0.788195638219663	1.40217202593072	-0.736156283606481	1.3965046474072	1.69113046837442	-1.29911779726021	1.32402739790062	-0.923049091719788	0.541579208254477	0.780374409936775	0.383467869632676	-1.13291011777049	-1.37391461320727	0.809737360779243	-0.514534904160749	0.119945858761332
TCGA-IA-A40X-01	TCGA-C2	-0.882513399448621	0.585748779490488	0.779816359496252	-0.872521222710275	0.106757263337945	-0.643045676674036	0.0969999609924067	-0.0915313074665091	-0.746096679567745	0.317297750366534	-0.43417049378688	-0.735771002356311	-0.13793703882707	0.722347142056427	0.711846465165499	-0.75881690710129	-0.875677595392866	-0.495040122814593
TCGA-IA-A40Y-01	TCGA-C2	0.0172348249387455	0.280514861414267	-0.205412280357061	-0.560550551662	0.108011117655146	-0.424444142782098	0.956843420138579	0.199226693450592	-0.56179916373232	0.142856237927681	-0.0972419073074524	-0.319823613676276	-1.13195135978634	-0.168666520473761	0.0846445258504838	0.176776798143164	0.567219738236411	-0.391297232609906
TCGA-J7-8537-01	TCGA-C2	0.367050367308629	-1.88331599171563	-1.11460474653596	3.25992334960122	-1.17731492060087	3.30812792213957	-0.400488315629623	-1.46316072128786	1.37036877475744	-1.66770777123133	1.03135740251668	0.922389074774323	-0.814213592069764	-0.145151298512422	-0.511667748223289	1.56620547641444	1.35653439271897	-1.28763101160169
TCGA-KV-A6GD-01	TCGA-C2	0.657153641613146	0.0886735353335737	0.555372070578186	0.303084969969141	0.499413130291708	0.809971171588382	-0.419396048666822	0.0145016856944153	0.238493607869261	0.77570838510696	-0.309984402897482	1.57756992943265	0.28079982843299	1.39222864762964	-0.395935910857283	0.848887182790029	-0.577403002813011	-0.0376260267768605
TCGA-MH-A560-01	TCGA-C2	2.1350526543213	-2.0249457456966	-2.30729661057519	3.69978411239433	-1.78517394635253	3.86709302805355	-0.107991681813449	-3.45956186519747	1.3417424339724	-1.06280872618611	2.23152107885024	2.241998334844	-0.247523412711876	-0.447407464061141	-0.774981311508696	1.17765053387539	3.25993644141437	-2.38127016192614
TCGA-P4-A5E6-01	TCGA-C2	0.173139093970272	0.51018565346003	-0.430252645852046	-0.369973055301691	0.471116263839998	-0.544706633316703	-1.44808810313581	0.842891596547268	0.166675254995281	0.316604293010671	-0.67975343343415	0.355071152309609	0.0557418080063991	-0.16479474747228	-0.65920544502251	0.711618256995826	-0.52138706387962	-0.236133079397216
TCGA-P4-A5E8-01	TCGA-C2	1.64775024631756	-1.2635234629832	-1.23912234779705	-0.667205055517608	-1.54731860772394	-0.824935586855987	0.0494223296475046	0.286044259429197	1.49528832264477	-1.46157445454832	1.05702531832543	0.576743569424528	-1.74136317699267	-1.36813513362579	-2.9472181718623	0.957598377024808	-0.268125479414827	-1.51527673209847
TCGA-P4-A5EA-01	TCGA-C2	-0.217532775587978	0.535347519631914	-0.696026314188528	-0.538612092366828	0.242946988848346	-0.41185530272277	-2.91358889160076	-1.57330336482874	0.272740275518354	-1.27373245490185	-0.251826480140999	0.338849198627781	-1.64966993764902	-0.00270231683292219	-0.322448719329409	1.67318744437136	-0.624498598046989	-2.65908257060054
TCGA-P4-A5ED-01	TCGA-C2	-0.400841441946988	-0.320358803307462	-0.138262608185901	-0.0517514477494213	-0.344631004665759	-0.182891250968491	-2.005733605844	0.745569380570011	0.143472757644926	-0.197847829270745	0.343145032101628	-0.52829041662233	0.507109208437296	0.0141967754989736	-0.41717348647329	0.221492712110691	-0.0298442257577664	-0.373923171285235
TCGA-PJ-A5Z8-01	TCGA-C2	-0.0301250764828154	-0.133386997408514	0.167961045351698	-0.427737549567511	-0.460170925129992	-0.315389313908027	0.218066460986646	-0.432138913479796	0.178000357188756	0.29302608999977	0.0309307285869431	1.04090329424668	0.0823177477035656	1.00286030398373	-0.0466949871321023	0.472774092860162	0.551414160944825	-0.582944494936792
TCGA-Q2-A5QZ-01	TCGA-C2	-0.0996434620990018	-0.818067566098132	-0.991685579907465	0.720676977672529	-0.477856494545569	0.900181992335061	-0.17296477953484	-1.33575464154927	0.0141877870886587	0.106876306505194	0.236987174962569	-0.369377499803199	-1.7489636957702	-1.2235482250284	0.679052281481666	0.221531538572024	2.06969485357392	-0.468963671481956
TCGA-A4-7286-01	TCGA-C3	0.870101636684832	-0.314609204359112	-0.685670735491591	-0.133416869109344	0.0155049538219929	-0.298125197235025	1.0863480664005	-0.110392105591641	-0.0239333761507855	0.353518344985868	0.103601416345177	0.30387254799454	0.764471451750668	0.397819768290391	0.0742439411821928	-0.230183046066496	-0.01196192929253	1.07593122731398
TCGA-A4-7997-01	TCGA-C3	-0.244850880056626	0.253129200534864	0.121263439657487	0.355934741017473	-0.0301432844758167	0.390381808260502	-0.708211325113178	0.411308444682203	0.233806718042223	-0.0869137826409934	-0.23493460783941	-0.6329650689824	0.532194441523382	0.0122247376442038	0.183155149842741	-0.0882769658904229	-0.391238705186637	-0.196063514163092
TCGA-A4-A48D-01	TCGA-C3	0.981629181107733	0.0831624042300326	-0.559389833327097	0.814347545290586	0.2835269878346	0.831887872334756	0.627073184374439	-1.17777130718776	1.13599162999895	-0.080483713836033	0.654331845974997	0.697909590124858	0.655211091008971	-0.411355186951076	-0.17286366844184	0.516264365548302	-0.235479966116602	-0.11483703333239
TCGA-B3-4103-01	TCGA-C3	-0.805346168971915	0.924002628142513	0.368824998797335	0.128117401938471	0.469939322699913	0.131491202345896	0.734048577214421	0.313789101783458	-0.620582051494561	0.792823481988536	-0.809199429396136	-0.522430801226646	0.460076154484827	1.43998514152769	0.694679640704915	-0.590521002706781	0.571693246325352	0.333489417263654
TCGA-B9-5156-01	TCGA-C3	-0.293387710706634	0.528999600673318	0.671195863497748	-0.652266594221287	0.6890951674487	-0.420417750158621	0.048367011391755	0.474513210254394	-0.443055613611062	0.772854051689553	-0.668662955159511	-1.18336019143287	0.533509042599464	1.0540176162132	0.975429836309418	-0.634099359307199	-1.17899648710092	1.162664310739
TCGA-B9-A5W8-01	TCGA-C3	0.935328794041123	-0.430684361545754	0.113205781976996	0.410373060097316	0.0510828748897659	0.18967180911526	0.260479066860064	0.085126002475346	-1.13614499937662	0.141260717976148	0.41322178686267	0.0968896736227171	0.504281268514617	-0.152737715677992	-0.479312819761952	-0.949278664420878	-0.209185703391586	0.349179820382543
TCGA-BQ-5881-01	TCGA-C3	0.656564616022169	-0.817806688840284	-0.349678540161	1.42293373772255	-0.184623668393226	1.33803333079724	0.620957743933021	-0.678602744882286	0.678571450511758	-0.424650758597554	0.982024506013763	0.689653473040849	1.09919149814735	-0.342102332969848	-0.54375914945061	0.275736755589177	-0.568709375180591	0.807067284278403
TCGA-BQ-5886-01	TCGA-C3	1.89762460934685	-0.29099251248778	-1.37531940014917	1.18740766383063	-1.02581782215548	0.701283103230509	0.384885627134859	-1.29069672238358	0.703771435562573	-1.68311191339957	1.19709894387633	1.78490629547476	-0.962111041669426	-1.25000842512505	-1.59562260038421	0.4484252656091	1.10443412796674	0.705247605895218
TCGA-BQ-7045-01	TCGA-C3	1.06367149469306	-0.493006806657163	-0.763285198848617	-0.174326868760837	-0.26269188156265	-0.180636716424103	1.09021817426002	-0.325279891985129	0.724269893052356	-0.572849535995304	0.537095469239618	0.398426046489339	0.295359239635004	-0.951715151263646	-0.537995867116521	-0.0491862528207717	-0.795883675353292	0.20905223827197
TCGA-BQ-7046-01	TCGA-C3	0.851775989571766	-1.3500424152336	-0.789441401927615	1.29979988098006	-0.258786441003042	1.49526196948033	-0.226936545850403	0.591081012856272	-0.112095885008998	0.548945479258085	1.08210022719362	0.50157994822619	-0.146508564698169	-0.500490915497942	-0.0559508146757245	-0.0600124610389759	-0.301684258375855	0.189992823017583
TCGA-BQ-7059-01	TCGA-C3	0.186627560491002	0.201064437884162	0.361587321161612	-0.577912770666399	0.243708045628176	-0.588482383490851	0.313442152570013	0.752777396952632	-0.693053472500598	0.588199239768012	-0.31146536562072	-0.181131525059111	0.0809680839956556	0.442078094306416	0.0658680485551002	-0.526473567491468	-1.09709810851008	0.128667097393024
TCGA-BQ-7060-01	TCGA-C3	1.04608199542211	-0.760054688789637	-0.698217278950444	0.758726368907279	-1.1450212011186	0.430533498417571	-0.200457674289405	-0.888313171927949	0.314766335795676	-0.57480435317208	0.978206147860669	0.604388336403367	-0.423737354633304	-1.47990080780239	-1.92496559922355	0.108712852427885	-0.219315377264815	-0.0261517151185387
TCGA-BQ-7062-01	TCGA-C3	0.57990904512507	-0.164937300568629	0.412950121236577	0.208403230431027	-0.583401806400163	0.349560381508638	1.30488857511032	0.420919491529468	-0.172812079638031	-0.850815528353604	0.261221388744804	1.23742195599682	-0.100833989635058	0.043470982187229	-0.321981881158094	-0.217690197508093	-0.506824957534294	0.920111024599376
TCGA-DW-7838-01	TCGA-C3	-0.624211165580518	0.358049506487279	0.875822141525107	-0.146402027306918	-0.0739637194868192	-0.334269507437517	1.46386079948839	1.14340111027115	-0.225310875598544	1.3470793774685	-0.590849270367952	-0.401768015195822	0.475380943754127	0.0997276711619075	0.203387178052295	0.0376331917159508	1.00129672149526	-0.21572001990262
TCGA-DW-7963-01	TCGA-C3	0.0647268241905642	0.0317327447170386	-0.295872399390528	0.82447026213138	0.104867180007487	0.679964381586632	1.46228417035633	-0.396164669454476	0.232237102566214	0.404272750679034	-0.177413843463856	-0.257545254820604	1.23277187479724	0.65311328912817	1.11868479468929	-0.00623433509648366	0.111332669332874	0.446874128535617
TCGA-G7-6796-01	TCGA-C3	0.373474477965203	-0.357950480500845	0.305979577222809	1.2512593519572	0.082127959800608	1.42548854117723	-1.14572251514404	0.383858751927043	0.533342609697028	-0.463977841074399	0.486393112730123	0.175958886817089	0.281559667359731	1.49899445382221	0.169506770074149	0.597701998944756	-1.41360600737183	0.166563461965716
TCGA-HE-7128-01	TCGA-C3	-0.864672143566893	1.41768697725224	1.06619874144088	0.374998539355624	0.465910705062569	0.503082163068152	0.299311384556947	-0.380863653293166	0.0136535097978642	1.16721700160549	-0.882409023034215	-0.96415607900181	1.49617801451016	0.300297357450881	1.49434493873726	-0.408068506910787	-0.659527564021268	1.44670318290567
TCGA-HE-A5NF-01	TCGA-C3	1.99023074934467	-0.595842584481575	0.154746495350871	1.27105999218997	-0.909642341876168	1.2927157145065	1.02062562357815	-1.42317259478953	1.24710329081146	-1.51576004101216	1.17525885749391	1.60201670145685	1.1113435179623	-0.594584993494267	-0.897373200788915	0.697505707550481	0.0773481976154695	0.0491805597586745
TCGA-HE-A5NL-01	TCGA-C3	-1.18954597655633	1.20757813146407	1.27204193560779	-0.979684672915977	1.35307489221923	-0.736224313704798	0.461449626556236	0.0598975846140859	-0.668342725559055	0.432408863920183	-0.754932860565219	-0.780498745262491	1.0535239257059	1.7986774572949	0.889240437855869	-0.706723965480526	-0.279736542742264	0.695890144687606
TCGA-IA-A40U-01	TCGA-C3	-0.0892871483046523	-0.14119294295029	-0.275082810991325	-0.513563744809966	-0.592434375710882	-0.597933519869796	-0.622385478069646	-0.0726475801367299	0.0436704353123596	0.0828065916804396	0.0997349364705202	0.101412648640122	0.151057344072893	0.33606727151079	-0.577864882926143	-0.390477222429905	-1.01799607256201	-0.582483258026806
TCGA-IZ-A6M8-01	TCGA-C3	0.815095670896224	0.124146674153407	0.117146134196846	0.413688237643076	0.0111123369896998	0.170945556872668	0.905791598128501	-0.311227081943706	-0.413924833992995	-0.230622879065333	0.0411094772264116	1.35075654057814	0.797248376361735	0.362931120599605	-0.578463808457998	-0.310502825076218	-0.814847274095692	0.393104418319643
