sampleID	Subtype_mRNA	ACTR1A	AIFM1	CCND1	CDK6	CYB5B	DHRSX	FAM50A	GMPS	GPI	KCTD10	MAU2	MCL1	MED1	MTPAP	NAPG	NDC1	NMT1	PPP2R1A	RAD51	RBSN	RMND5A	RXRA	SCAP	SLC35B2	SNRPB2	SOCS3	STN1	TEN1	TFRC	TXNRD1	UBE2L3	UBIAD1	XRN1
TCGA-BL-A0C8-01	TCGA-C1	1.07850948604026	2.69936580746352	0.610136743569777	1.97894884744892	1.74940986795262	2.3728248644202	-1.38657555419123	-2.41583989320792	0.901942584947882	-2.35659555870184	-0.924879544409464	2.44631248133031	0.190870183914253	1.55062487651597	-0.115492438450138	2.57370989702257	-1.10868242773322	1.95830699908606	-2.24388896602539	2.61850128670073	1.70361172213207	-1.01354732061875	0.615140131668308	2.01295494488919	-2.65166703123786	1.8454288328725	1.64249203056919	1.68811688959814	-2.46615955618961	1.29931593499997	2.73469679428519	1.44449700992461	-0.0755681467268026
TCGA-BT-A20N-01	TCGA-C1	1.15691675698035	0.40054779293965	0.728706144409225	1.11191637598843	0.975156772110917	0.267522323176298	-0.777171326586914	-0.731688345495861	0.779776708072649	-0.764100654137338	-0.066663062409759	0.243662489385221	-0.579873115612928	0.00955009426325949	1.13099066331143	0.557052107385307	-0.726541526955699	1.31326946871745	-1.09418019154221	0.749251743164841	0.191830480586884	-0.188436661015739	0.620463044678058	0.10162568310951	0.899913303356913	0.637233711517471	0.238284792337479	0.783931699903528	-0.724923337831514	0.0856230985358669	-0.211490105776703	1.12891060920708	-0.00509932598433622
TCGA-BT-A20P-01	TCGA-C1	-0.649436224185738	-0.173012121546698	-0.463913249263131	-0.424783534226667	-0.160246348733462	-0.756954512646097	-0.110092627255216	1.01125546346338	-0.0524381003495998	0.376980886937948	-0.0385449760245863	-0.451269934403916	-0.213553676435972	-0.303614476921819	0.964435734884293	-0.6697423297743	0.0702628609517765	-0.476375692424171	0.601926702584483	0.18026978559236	-0.159523443158974	-0.277218193944708	-0.812549496488765	-0.348978210497113	1.40521508348034	0.181563818990911	-0.0784224225184296	0.0795957295873404	0.703769953549474	-0.17709885264406	-0.282934591465082	0.256467623791414	0.379315705725187
TCGA-BT-A3PH-01	TCGA-C1	0.691799904575702	0.248343480247725	-0.630356886317617	0.0745155032620921	0.724696683864038	0.649601817172801	-0.0592939269620065	-0.160658055625279	1.24241766259957	-0.607612071370574	0.0622744481988523	0.270415573116877	-0.0653448527294136	0.745504581959805	-0.67826847668636	0.555091664715286	-0.286753130475237	0.977239955187254	-0.231676201614389	-0.177248134845713	0.76556598495875	0.00764346296428663	0.942125798343958	0.330716697822244	-0.209391286406029	0.842772443252246	1.07323241965658	0.429203521184897	-0.278444384853774	0.848687603958854	0.320412028583899	-0.191234414917995	0.94660568613948
TCGA-BT-A42C-01	TCGA-C1	0.35551978148224	0.80219278929764	-1.49465914583476	0.414874364795105	1.26558543654984	0.957683613546482	-1.38767963664303	-0.481610338860043	1.01824419556124	-1.66422514281811	-1.2006234133194	1.28921877939339	-0.258931863148653	0.344706070088647	0.300149201358793	1.13551377057968	-1.23673998371184	0.526833082547684	-1.04827208431564	0.229588968443427	0.202345729971481	-0.916063579003678	0.55689034380296	0.713433021361389	-1.82095258668781	0.739299067471761	1.35168541713302	0.615484213647483	-0.454461245693835	1.03420370827783	0.596801438958684	0.776368159088737	1.32489991147685
TCGA-CF-A27C-01	TCGA-C1	0.393807231911513	-0.505912403354079	-1.09642657313556	0.0227167158124951	0.437780891627864	-0.75929765649968	-0.714786022268818	1.11899407484847	0.532872764528739	0.813879260459166	-1.17137788391065	-0.163635979711241	0.0418425545116233	-0.996523758358358	0.748816559711396	-0.587342385909407	-0.761458787304821	-0.138681598335274	-0.182911584127813	-0.322989152971798	0.420551559153072	-1.16526459635366	-1.04285188704204	-0.658066309036289	0.293903907214994	0.507459225327039	-0.035510858497301	-0.0221672520912071	1.04464576488481	0.373592036146699	-0.537040725916275	0.584240424179085	0.274934599481427
TCGA-CF-A3MF-01	TCGA-C1	0.0742921190973724	-0.574810307839583	-2.35142216299617	-0.575409797644628	-0.16653079070726	-0.88220178508599	-1.71863410831113	1.82646881662183	0.208343485279247	1.05866865343929	-2.26925952271786	-0.24249730408662	-1.44760057975533	-1.0258837031861	0.981059686685981	-1.06412985284884	-1.3505991929925	-0.268991219900432	-0.224466944942189	-1.02634257764325	-0.11485732914647	-1.59391345849295	-2.08002278768008	-0.104556664231382	0.21027382387574	0.451299554800119	0.690190356257617	0.79478751934621	0.967237255879002	0.692371981619599	-0.453016621033709	1.13100132803959	0.527846101366235
TCGA-CF-A3MG-01	TCGA-C1	0.267913270420898	-0.362283467655926	-1.97199091262148	-0.643877312661688	-0.418539516608915	-0.0786726739151495	-1.25940690917235	1.07228887520326	0.82159370342474	0.844980314936608	-1.1562987349814	-0.0287191406774925	-1.61124688646343	0.106099329741313	1.07951841913112	-0.726125937707855	-0.848466979639068	0.382113706604635	-0.721017326389557	-0.453167223592623	-0.0392666177045684	-1.06131808607781	-1.66076379841119	0.0985758245205522	0.939117474833179	0.2062352813883	0.113615040088971	0.204658246729011	0.269417544825674	0.786233748958854	-0.631848482668779	0.620527594209168	0.399891258027408
TCGA-CF-A3MH-01	TCGA-C1	1.44511030939786	-0.383441730513111	-1.05431758430299	0.435138120428614	0.554082651668614	-0.148119429957357	-2.20261085275799	1.66274138214362	0.827344966920689	0.894321403905528	-1.62285778517267	0.307916198292185	-1.17856736461196	-0.0892092515696363	1.4796522588907	-0.800644735905601	-0.883710345006311	0.372143717251937	-0.0124857761123486	0.521748794597349	-0.289240804287876	-1.14015215802877	-1.51884071670991	-0.0330995565392511	0.792130359801367	-0.00601656010156078	-0.0278912495658266	0.952891723826684	0.918060744839962	0.591977751212999	0.189511667322187	1.86611628085248	0.324887720353394
TCGA-CF-A3MI-01	TCGA-C1	-0.316338283691477	-0.408153113982427	-1.88386296308401	-0.480641832322133	0.101665548657199	-0.548127970245249	-1.26998800232182	1.31051496318928	0.19010830259645	0.345991391942324	-1.92062159066648	-0.00361860773587586	-0.608146251625975	-1.35094544360103	0.59435139131364	-0.502954136011552	-1.155853671945	-0.251849750994201	-0.209102580259982	-0.70765098449122	-0.567935047519321	-1.22417218878993	-0.94103956244005	-0.157607955957617	0.245994072605893	0.477786002320043	0.36277093611541	0.476989550624158	0.81684429295972	0.475881159216854	-1.19059414074033	0.53412062293696	0.622167714772179
TCGA-CU-A3YL-01	TCGA-C1	0.310289741061758	-0.794866186781944	-2.55877306559686	-1.06762860885287	0.220063428081989	-0.692943850344201	-1.47057227264814	0.937684704599115	0.83722491221258	1.29867123275129	-2.28868248584145	-0.84285540925115	-1.8489214660805	-0.716646998199537	0.719226019094376	-0.578561698386562	-0.983609397147693	0.0004423483730386	-0.891484968880227	0.0112053922324039	-0.160947724506655	-2.05668735841788	-2.19532263307568	-0.188226601347571	0.52428395659035	0.638435938143091	-0.262626380026398	-0.0951017224774346	0.486728077549542	0.436371557552018	-1.11816262763173	0.422477234578775	0.88118908845027
TCGA-DK-A1A6-01	TCGA-C1	0.967694105242207	0.709308959733355	1.30693777393064	2.31195572042718	0.917385369769837	1.49055991826957	-0.130920316565461	-1.05729764074487	0.993863666336803	-0.660681402427739	0.556937665725626	0.193502201388164	-0.398864009156051	0.925863783244287	1.81273021006764	0.816256142885887	-0.0201857904372626	0.672275543803495	-0.197377161256816	1.20442569105572	1.63274913435338	-0.218600153326493	0.288079520557683	0.842074667525465	-0.506947613800013	1.14920523491051	0.388476407190992	0.592361252816026	-1.19996870848106	0.335649534633325	-0.0504174934676043	0.54547539266857	0.0373370712243727
TCGA-DK-A1A7-01	TCGA-C1	1.19259685053836	1.62843172907158	-0.855206732407891	0.365449451401498	1.23155288295883	1.41646095080052	-0.848544015575758	-1.60324899013174	1.26103889935878	-1.31711971718666	-0.838267722466475	1.99725885198865	-0.472819263569268	1.80611298824814	0.609079051972554	1.22342686670348	-0.798185981618142	1.54550867356433	-1.62725926014277	1.35688842198136	1.22869245741646	-1.06908817521464	0.641549683427986	1.64006328374969	-0.550580479021432	0.685037870027489	1.57881576879642	1.23638797750868	-1.55520152517939	1.22112873040418	2.33414090403191	1.07594214255071	1.96947031582188
TCGA-DK-A1AA-01	TCGA-C1	0.855757416803371	-0.499892155915406	-0.76891373824633	-0.481957718279633	0.0924675302615458	-0.741888513231956	-0.913887275148911	1.31598706769284	0.0185939917679628	1.10123546459585	-0.416063330104804	-1.18917286433358	-0.775196967687781	-0.182915994751898	0.0435345733069505	-0.813557049978336	-0.214410463501273	-0.221366191800912	-0.148492269654031	-0.821500768784601	-0.161486681893026	-0.15703848545327	-0.33301350335721	-0.394458187967024	0.871241543527476	-0.134199044879898	0.168436570897993	0.324845419095592	1.2194286979715	-0.0269207690386236	-0.304511916400783	0.324213237259462	-0.0783303108727664
TCGA-DK-A1AG-01	TCGA-C1	-0.382814124240624	-0.694326830206657	-1.48940946278789	-1.91494321752702	-0.536564575857555	-1.10237182892349	0.836924097223236	0.620425291888974	-0.105120281785374	0.492832684954935	-0.861623887819031	0.0211829719313439	-0.803353398925549	-0.288837388709876	-0.582703984198387	0.233612555193024	-0.186930237656267	0.00944645690473274	0.46004377260404	-0.103536959336056	-0.128262815173063	-0.230570887545539	-1.37749303484411	0.217496744092127	0.847053939708318	0.061324643681022	-0.364761286876219	-0.870391311817399	0.299607610644542	0.495937468566355	-0.556629507535648	-0.00370502012198641	0.471412995586881
TCGA-DK-A3IS-01	TCGA-C1	1.19914931560062	1.2986821622372	-0.549390602688451	0.985368111917158	1.19758262672757	1.41461009092163	-0.815398515055206	-1.7869380365962	1.27026471589761	-1.86988629104782	-0.406801808591115	1.94730403887684	0.1378907717927	1.17925922698207	1.03369597152099	1.69169906754451	-0.198397071475192	1.55506410814094	-1.39287115419567	1.6117033323861	1.66346420749435	-0.6896164089813	1.54176737134198	1.5670331237402	-0.371843193446787	1.10928326405607	1.70113688408176	1.1990744591908	-1.39788601209029	1.12430418012076	1.63928935641621	0.793361801002899	1.93517941253402
TCGA-DK-A3IV-01	TCGA-C1	-0.205918016772418	-1.02325959298828	-0.639198507508277	-1.54008890148065	-0.373810916041158	-1.19264117416757	0.182819679641242	1.19619074911253	-0.460159312507279	0.809892430124053	0.142002764730105	-0.235442476105337	-0.166808733264147	-0.801587508047334	-0.694829042542406	-0.0391275151056557	-0.0996986787187006	-1.03093070555506	1.14989949802121	-0.749722335685872	-0.448967805300119	0.323270050395643	-1.35665228816596	-0.691258791979642	1.14765686670041	-0.316433421862285	-0.872786873942338	-1.11914144786987	1.33090635454796	-0.340354087498144	-0.36647592825716	0.00958625856580464	-0.244232171426884
TCGA-DK-A3X2-01	TCGA-C1	0.283909434156715	0.913151025419272	1.09919904030316	0.879793797047911	0.393041265511911	0.547341968696751	-0.304984793027631	-0.935890152933701	0.318432597971568	-0.0881309624349814	-0.00237525475121253	0.607795378036523	-0.519686528323739	0.536295858414206	0.0642805563024665	0.859484711535736	0.0702684834520887	0.43909484371068	-0.717427405486148	0.842682440051776	1.01241220647624	-0.194233829414319	0.165733040147902	0.46225583367424	-0.72966813311232	0.841849885889319	0.358658710987668	0.966006201689674	-0.93294173569717	0.309618546328999	0.591329383088458	0.211852961295913	-0.196594495589768
TCGA-E5-A2PC-01	TCGA-C1	1.16797111898831	0.114731603470181	0.255091544500418	0.722634285666826	0.483726098177683	0.0341004422708818	-1.00121320819978	0.591151686682236	0.516404817703149	-0.0235184817885359	0.71271458386765	-0.346803902599974	0.128156282946091	0.367724127451452	1.13089221150707	-0.800929256160984	-0.0532292247731831	0.225121494828953	0.0953674229446459	0.0132156525779544	0.660773987244828	-0.0704222098524327	0.728249245935735	-0.836945042315641	1.12633749073475	0.566144298821584	0.0442689898128766	0.190642046296464	0.28696928591835	-0.31183449121324	-0.421877264220457	0.231035089088372	1.82820578797908
TCGA-E7-A3X6-01	TCGA-C1	0.293154616477302	-0.104061649429416	-0.599871014257123	-0.320839398286398	-0.139286781613292	-0.233979509112762	0.0446998940796129	0.888727831183324	0.481015908050421	0.909523692655622	-0.232877929436937	-0.320363026541177	-0.387262805585724	-0.153208885144332	0.957497131267844	-0.279429790826394	0.257794714098473	0.0503675723465054	0.325198839412932	0.407640617188556	0.0759433718588598	-0.165740993263148	-0.315059046488862	0.298014127096313	0.794586636899406	0.364875159851384	-0.217260143581766	0.0844333755399716	0.598100799823766	0.243709767819011	0.0577241283866217	0.201521801393598	0.359840901029425
TCGA-E7-A3Y1-01	TCGA-C1	1.68745376617475	0.307942847615813	-0.372865816256074	0.467482962376703	0.137570878970165	0.588090231271797	-1.41248089163051	0.485856321957073	0.367222653607006	0.635853480214399	-1.09887516020427	-0.0528089147545905	-1.82842261555218	0.209786092412044	1.37318921243333	-0.385092961061805	-0.971483708519434	0.595558524652914	-0.529570348247946	1.30232652535202	0.450989209161162	-1.12233554808914	-0.153681999844229	0.101856375951132	0.305502533096569	1.91650980435028	0.668781061014223	1.48940007631906	-0.148948356486345	0.182760664889283	0.185038954076687	0.906961325993303	0.89555085848747
TCGA-FJ-A3ZE-01	TCGA-C1	0.753135810809408	-0.290589240951873	-0.619960538578733	-0.0135264937916912	-0.0667254799765881	-0.471160649461306	0.223009816017798	0.492095333414332	0.698555721233873	0.422115224172883	-0.309648983260581	0.0931864451753077	-1.06875129152348	0.316001092271176	0.616842098291399	-0.0863285097762906	0.00948005462008768	0.970792621188876	0.372031880739716	0.0857885651475101	0.190920031304186	-0.232967566970677	0.124122774973604	-0.29728627013871	0.929347191208852	0.964010270117488	-0.0033032291106426	0.589299110522333	0.000811637739826784	0.240916276126843	-0.361905478168031	0.170643859736416	-0.339020646589233
TCGA-FJ-A3ZF-01	TCGA-C1	1.01904668384288	1.73729545010956	0.467443090363511	1.6709567839664	1.5709437174771	1.23288723370889	-0.638132482270129	-0.470131658107391	0.405536961346195	-0.734765602837047	-0.517940066755384	1.82923024254299	0.552218748571996	0.908862388348214	0.357514393756947	1.28430026967393	-0.387385152202799	1.15778916259572	-0.918438136857513	1.84093103912715	1.2945334445832	-0.868401894016015	0.793630523258176	0.992823757536181	-0.703549231221916	0.747176695637273	0.900407110855291	0.942488512011292	-0.982915996535377	0.611975911542193	1.69675505871967	1.39391659486886	0.096156792718603
TCGA-FT-A3EE-01	TCGA-C1	-1.10289614809928	-0.698255404055293	-0.773093070037361	-1.02985917876412	-0.260307717277423	-1.12468770082627	0.223276848034131	0.638455974691611	-0.227261673622072	0.466649485086826	-0.201940700144765	0.0340272450589422	0.300968345550469	-0.837384842918844	-0.207109742856092	-0.00885796109459794	-0.185448453255757	-0.651844218280225	0.586816613071874	-0.612036961009936	0.138893297701285	-0.223050616618128	-0.700018878934291	-1.20832702965503	-0.210566831427773	-0.186175752953623	-0.392046680606817	-0.855505820890498	0.817912941402632	-0.197612062339589	-0.458103283445179	-0.0318578446284237	0.112612374747549
TCGA-G2-A3IE-01	TCGA-C1	0.534891723940797	0.614119341678215	-0.628897617144086	0.0365353932693825	0.639255011480985	0.482222708457034	-0.405332677688909	-0.220120791215314	0.703764929771029	-0.0884033475816718	-0.554880689241458	0.417058876535218	-0.276939971654854	0.554554273739837	0.658330539464745	0.434702968793411	-0.22460712338599	0.921402819624417	-0.679390716234602	0.579430327812707	0.435742042574676	-0.61619822231864	0.0311669005841392	0.824492214155859	0.522351447274234	0.543637238684588	0.557592984595774	0.422531938398517	-0.454348526947817	0.598686681142701	0.980675720649192	0.949046670668487	0.503700696814344
TCGA-G2-A3VY-01	TCGA-C1	-0.150321596037821	0.152995657857203	0.703428842565912	0.316924984904194	-0.365085248999903	0.304474948440475	-0.439589128353057	-0.454983984209192	-0.376841371230044	-0.195248197795877	0.099710267644473	-0.401376763757677	-0.301423634964741	1.01098110192047	-0.307052302001935	0.506968104940703	0.439927944672492	0.122267910300797	-0.459368830537889	0.273682452099742	-0.905437936869807	0.421378163045375	-0.396436934737854	0.3247292263549	0.0719487034116919	-0.490672979461349	-0.153422404461941	-0.00914009135376594	-0.778638490975415	-0.0477050573480138	0.179188024561856	-0.214140071998282	-1.59823274556745
TCGA-GC-A3BM-01	TCGA-C1	0.814257027720213	0.564143862445843	-0.839374985046614	-0.126686962748288	0.775156460782196	0.264277084922332	-0.950185854167921	-0.265100973301597	0.931756536653138	-0.74770685801296	-0.75021849097064	0.82892060037484	-0.660621586490883	0.476539636720807	0.794779209983654	0.483214653440509	-0.521492518517552	0.551740296869328	-0.940722838867542	0.672761222739586	0.539931087554095	-0.91418358605277	-0.0214267502547939	0.716127848628228	-0.13155496978105	0.785265443408882	0.780454539136494	0.19972968008692	-0.260876452118022	0.911860614575626	1.17064107047837	0.975649598388931	1.52159188356729
TCGA-GC-A3RB-01	TCGA-C1	0.11493122900209	0.602161667982256	0.619069096522522	0.677467573310946	0.468718097874034	0.56809877085837	0.913800433223448	-0.211799647686828	0.13404220920896	-0.0103561209305043	0.782261062027747	-0.123450419283884	1.23354060255788	0.392986495416927	0.205990381855225	-0.280594492478716	0.645740079743949	0.563612361076998	0.361674579808443	0.675391309125864	0.371898216074799	0.212907833600243	1.25382527778659	0.455486177042551	-0.217931837738086	0.540485460364561	0.365841629502635	0.326882264297284	-0.309536698845189	-0.231691427842104	0.869880836278392	-0.622068428839888	0.298596132932001
TCGA-GC-A3RD-01	TCGA-C1	0.0256188807900663	0.29353054130786	-0.0812336127812974	0.219337461316706	0.196160822829211	0.0194743017847804	-0.429311021606388	-0.514823896233125	0.324867319182729	-0.317920638314317	-0.740100947902015	0.239411252060398	-0.577435421215935	0.150688709455081	0.668695873599942	0.126489697937066	-1.06224824219875	1.1775964519655	-0.220172374597066	0.463192153101197	0.800874428671634	-1.01565783829532	-1.5251298554929	0.723237467130284	-1.42354123216475	0.972893635532385	0.449653163903447	0.173539531972295	-0.76745504765501	1.46336218787984	0.91761191273523	0.448861711569687	1.36409922572507
TCGA-GD-A3OQ-01	TCGA-C1	0.263105786578918	0.846517164540564	-0.238416466806742	1.11093333467544	0.88060365899755	0.575011524723816	0.00485597016598961	-0.867291796722238	0.704245274470099	-1.21422385945784	-0.487634548179174	0.637431325142712	0.0541250144065163	0.38719955536956	0.272377284350002	1.16090684363435	-0.632757710608629	0.539364087403274	-1.15548600029842	0.563938676491379	0.965983306512583	-0.957511665438454	0.755711736038044	0.694652019456833	-1.00738745701301	0.856004514745949	1.00274941142957	0.810657393054853	-0.579512418935133	1.03228117622619	1.20740980386259	0.624126142943627	0.654285514385237
TCGA-GU-A42R-01	TCGA-C1	1.15845291500581	0.65802793954738	-1.12273783901763	-0.0504379090022683	0.967646325327087	0.657865155319474	-0.582666175446341	-0.698673807308165	1.40415799725958	-0.495627195009995	-1.17956228511882	1.60037757906508	-1.07338515760071	1.02775987256182	0.724651199696098	1.04907396612313	-0.271483441899567	0.996175884345458	-0.833733129525298	0.732596434002635	0.819411088101262	-0.77634286184073	1.01959356908881	0.565178452736211	-0.865884731255642	1.02112965168995	0.796970745641648	0.327639012718708	-0.587925845778804	1.38348068879474	1.84516715784418	0.682831567114965	1.91611871504748
TCGA-GV-A3JW-01	TCGA-C1	1.26330693908673	1.1390131622595	1.09292489169887	1.56691125523863	0.479817511217832	1.79091643648762	0.204790435653778	-1.7826850322975	0.877966357457305	-0.575235780693322	0.973274643301746	0.954465755259812	0.19773454660563	1.52668405774954	1.40266355561212	0.882473751949801	0.781905792309428	1.44798439743	0.127326347345515	2.06731458046837	1.04314877633639	0.100128696670659	1.41218224951435	1.47189427959998	0.08942499065226	1.15928910173857	0.721766564156459	1.09470471481809	-1.47099937639285	0.551133645477929	1.0721019274969	-0.107355965749507	0.975429299991277
TCGA-GV-A3QF-01	TCGA-C1	1.35766169038196	0.984187279206017	-1.24204490798528	0.368092522074815	1.22465040779709	1.28547735532874	-0.834233765780647	-0.388687333493028	1.6443363187551	-1.156002718636	-1.23022227245063	1.05727124558373	-1.2207165111787	1.07063472287039	0.123451670810632	0.660026266876051	-1.29845305827703	1.91289273541455	-1.4939177534043	0.659777000433781	0.891441206131606	-1.0476655782654	0.290398462413455	0.886552929546262	-1.02544648053578	1.2129419153318	1.56211726571719	1.05268022967893	-0.929989874613601	1.63241903659723	1.4674566360105	1.12694524226235	1.95238372546363
TCGA-GV-A3QH-01	TCGA-C1	0.353422503635565	0.178651252938324	-1.43912752694878	-0.0446331102433633	0.844561563687839	0.10385068818684	-0.80603704317247	-0.507095748644768	1.21467657842494	-0.685067156398502	-1.77182159617343	0.87232558442858	-2.36615640602489	-0.35269957600557	0.432690489926456	0.491809127361728	-1.64429151908301	0.719443077309969	-1.34840110705421	0.440729665003685	0.741738548607508	-1.54434964539473	-1.17569306585037	0.00939350675950997	-0.329000697378274	0.667650131406294	0.565683393252672	0.375834739654989	-1.0600012954352	0.710867515985296	-0.0428019883262917	1.48741815409329	0.565361234688531
TCGA-GV-A3QI-01	TCGA-C1	0.0774024827453473	0.0736777037985741	-0.220201593006957	0.0202569909291318	0.111194694992109	0.176155696132516	-0.00985785751765021	0.103880227165769	0.539559037992168	0.22028884430944	-0.511220913199412	0.499253713832833	-0.616615148955003	0.251917571296148	0.308740336743159	0.252363028685348	-0.0119815402086997	-0.165548670722366	-0.453881977649464	0.0722262914127569	0.376719638797959	-0.478212672343608	-0.477464875831794	-0.140932336303877	-0.0850238505832976	0.495272139666183	0.174919621151398	0.370014706740627	-0.237863145265241	0.285432221415659	-0.079617205570667	0.322685885777026	0.178541107186389
TCGA-GV-A3QK-01	TCGA-C1	0.694827594194327	-0.433424438839519	-0.574480770272464	0.55560543224626	0.0880503221111549	-0.497534923238069	-0.386149598573055	0.211605361370395	0.796296942731208	0.173472469579529	-0.881301676621267	0.309701673575889	-1.28832726962678	-0.238566896130695	0.644790985457155	0.107632545700712	-0.334144674471987	0.150049441752781	-0.883548184537689	0.281449926913318	0.759631021186569	-1.0729157630905	-1.38926426613923	-0.105611339811342	-0.495801929750299	0.813675379592123	0.309902933268106	0.170211502101376	-0.362767970963366	0.468946117831591	-0.111992127534353	0.786574020151044	0.345426824059375
TCGA-GV-A40G-01	TCGA-C1	1.3586391956494	1.00571602268589	0.111739140896516	1.32832391163866	0.909704418606805	1.17105988280125	-0.4886268716732	-0.123621348316487	0.496205258107621	-0.848163092254028	-0.358166507638768	1.43454450681918	0.0605577566562764	1.2271079548425	2.24478777666202	1.18179455479676	0.0319490992775774	0.916630668608679	-0.319908378137207	1.66093096661986	0.956123294721658	-0.575438868384972	0.818144786001117	1.33632229799974	0.266391436226145	0.935102425295376	1.43852047368615	1.77071306922566	-0.194451232813999	1.6778362917008	1.27976887459172	0.898687517874238	0.793018911026306
TCGA-H4-A2HO-01	TCGA-C1	0.144706872767682	0.336648744300177	-1.70765101220632	-0.253692703182435	0.161667606169866	-0.0765087342149531	-0.606958413277119	-0.148285819346405	0.402474407230866	-0.220853585868027	-1.62708114605253	1.10480272341314	-1.45004014642144	0.234132797138533	-0.0318567190596102	0.160325369962832	-0.653147452423318	0.196647625093637	-0.959037841378955	0.0210929603373938	0.107518808576216	-1.10685469603165	-1.20426237996343	-0.0265977392578211	-0.375685644674588	0.760249677896283	0.0425866821921314	-0.0282123691514278	-0.660451951642171	0.695599730620637	-0.020570267229418	0.685604268118159	0.485473457228494
TCGA-H4-A2HQ-01	TCGA-C1	0.706603709250289	0.444616141251014	-0.964012545036743	-0.0974145936290509	0.400208052585857	-0.126565063823749	-0.449815121438443	0.13222126071656	0.634356746455834	-0.439547179083629	-1.27078773668059	1.08559342178784	-1.20142277787532	-0.147136727935845	0.0880852302320557	0.217583272667353	-0.842026661099422	0.436461731724991	-0.87732792100585	0.226731915131449	0.724147085075716	-1.03953888373006	-0.936617840776496	0.176937593768084	-0.628304149873448	0.739448729652657	0.311718483941746	0.0732240741972895	-0.423351494548339	0.638250870598995	0.0326159618757713	0.91786280250397	0.589449984053985
TCGA-HQ-A2OE-01	TCGA-C1	0.257072994675947	0.3520405719567	-0.232612941962141	-0.121790307856415	0.348071729604072	0.207591544230919	-0.478724468066002	0.376820208869863	0.228469523404052	-0.296783491716975	-0.967616380388526	0.308687997475345	-0.953967464364317	0.337854405344786	0.831516075369768	0.433265062288966	-1.47222665315931	-0.0435460483147976	-0.726570852972839	0.0948707339743401	0.439244138520244	-0.9775716538665	-0.749194815788141	-0.14232455520022	-0.3918984760157	0.414609523030366	0.434632918677511	0.449956168554232	-0.0580291668459349	0.103253041680639	0.223377272349325	0.856183626269475	0.698252113186985
TCGA-BL-A13J-01	TCGA-C2	-0.258355171183853	-1.24522620923642	-0.628730330457743	-0.628314629920219	-0.64192694362559	-0.702959527641837	0.617391299655011	1.00661279018451	-0.122905244992666	0.886444558390701	-0.130406956434901	-0.649920453314068	-0.117680641135754	-0.799676811182899	0.0666743936935481	-0.62099014375271	0.0559167958365151	-0.853964057196178	0.958359045974063	-0.816127842652592	-0.188745346489026	0.507077923387408	-0.188181834328288	-1.21985881908267	0.720299076495981	-0.20913999439249	-0.944047437519115	-0.745319924364562	0.891294090571429	-0.227093987703699	-1.0478633352254	-0.0882926119209684	-0.897522742560161
TCGA-BT-A20Q-01	TCGA-C2	-0.784109367168376	-0.0398753592153488	0.265755834474209	-0.0961595926836072	-0.229391417398597	-0.114660550454891	0.920929299299428	-0.0384757222472614	-0.655030492155102	-0.00113292300691621	0.741134338887099	-0.295235350620891	0.476540382476726	0.0756662714770483	-0.333769812340626	0.252585150705413	0.594780292594398	-0.666762889007274	0.56587845823246	0.0436050954659262	-0.267010117847105	0.506340982103921	0.00610758740501268	0.0054313572046682	1.22041507108043	-0.152447479674386	-0.168963415558135	-0.334865124528978	0.189008599807074	-0.193730854421139	-0.0406836524134206	-0.31662401966588	0.144122505921883
TCGA-BT-A20R-01	TCGA-C2	1.07487999746927	1.48007262582019	0.0586119137057761	0.949804159979897	1.13411565513436	1.59675886967197	-1.15254320092342	-1.28914945315196	0.780734809621187	-1.74358603566044	-0.788111497663238	1.8839987487689	-0.673284366653449	1.24733772407588	-0.58719168484086	1.75954681415438	-1.32994263798116	1.21054809641584	-2.16842218741276	0.725322572572922	1.46275527827171	-1.09938527614667	0.633088394781702	1.42010993807652	-2.00655482569042	0.861692725070399	1.7197972998525	1.12687533760031	-1.49688981366886	1.312146245252	1.7739134370884	1.40266528665251	1.10491025244918
TCGA-BT-A20T-01	TCGA-C2	-0.523103783327258	-0.460309564920185	0.313441046184904	-0.598636887009201	-0.453480924814864	-0.83779246413082	0.316996602147786	0.0115621564284208	-0.59377841452175	0.956127488542789	0.455934295907269	-0.883059107276402	0.380876417228478	-0.522342484541767	-0.822571838783971	-0.316160636319807	0.0733179231669724	-0.520586209893566	0.762994007764162	-0.496470798860253	-0.0925601183317838	0.10711572960807	-0.87813454834928	-0.523862298778341	0.686207633368083	-0.808333392193845	-0.34858697200593	-0.219230084974345	0.893075171309616	-0.0834156782739366	-0.463641684461267	-0.0920108364314897	-0.515280239021282
TCGA-BT-A20W-01	TCGA-C2	1.64256993695808	1.36855971343129	-0.314297991269072	1.66248942540957	2.3470800612991	2.1821329767864	-1.19046457511582	-1.30872028844459	1.97598225076325	-2.28316170743734	-0.322199147933727	0.783189754772834	-0.743906357939595	1.16934760798926	0.556527423534745	1.78867730603958	-1.80903231164524	1.18420351148054	-1.8941841291795	0.644624942423102	1.54444286611488	-0.7199006974448	1.4416261218273	0.81385758422815	-1.82964549987464	0.757460070963372	1.85651938817829	0.986751364733962	-1.40717316490447	0.913222385965255	1.74039229557562	1.53677136196668	2.10253563602304
TCGA-BT-A2LB-01	TCGA-C2	-0.467337902761944	-1.29915148994616	0.918342851866008	-0.710127508033827	-1.73435663477674	-0.802245085848955	1.45729602862699	0.421318474060428	-1.75610641808189	1.37638330724371	0.726906179240976	-1.56576615590248	0.83376845725052	-1.08569800077203	-1.07960847259473	-1.11448398601867	0.727054723807312	-1.59813759117447	0.502248221447746	-0.852787032593532	-1.17368950276093	0.994012050940794	-0.879497793815239	-1.58175424546664	1.51371801648684	-1.73486946474098	-0.75501957955337	-0.649889236070261	1.3384966854435	-1.63056922749492	-1.20769778653214	-0.927591242622505	-0.908749165981819
TCGA-C4-A0F6-01	TCGA-C2	-1.26471520993648	-0.934718234246209	-0.443989593944082	-1.72163379764207	-0.991484056567131	-1.10113581254911	1.04849849234281	0.730325421476745	-1.344564013745	0.748683994027128	-0.307216897004126	-0.858716294683214	0.338903014323332	-1.21409928215531	-1.84644532262711	-1.06368469311134	-0.150540904498082	-1.41582573078585	0.0940247977560795	-1.58615837275458	-1.8156869317219	0.73516897799115	-0.0982578029901057	-0.931913223364427	0.307367467698852	-0.951178888971904	-0.854989857183442	-1.55720841757902	0.772386400365869	-1.14050246621327	-1.20382332660372	-0.79497021849652	-0.720732343466022
TCGA-CF-A1HR-01	TCGA-C2	1.18205996874462	0.746066604640578	-0.740239193498705	0.818160994680901	1.26661418647029	0.896323484883925	-0.9762140020958	-0.0959694971581312	1.24981778442224	-0.895362108900876	-1.42329876395589	0.774452188950469	-1.14204126630864	0.838917719240913	1.6084336608955	0.431320775136894	-1.321776722982	1.53273063223092	-1.0513730647901	0.814880166167769	0.667919474707012	-1.00190213277916	0.576794594731664	0.607443055704722	-0.555510883141917	1.02440231811163	0.974847141150574	1.35935211166494	-0.811934736691461	1.11517754787144	0.331224657405622	1.52389260398144	0.579030097727729
TCGA-CU-A0YO-01	TCGA-C2	0.334841131773752	-0.430586037443546	-1.26151301424886	-0.703412098430091	0.348095588167381	-0.970472393459825	-0.426295296943866	0.319486190856106	0.122976099828028	-0.372723700830166	-1.00388995918639	1.21622300197367	-0.828966664605778	-0.628712998735357	0.510492514499907	0.424484767207852	-0.882911438825559	0.0767236078996539	-0.371630823753414	-0.219063886364038	0.496104720059945	-1.33867363058493	-1.9893418794862	-0.397530371669688	-1.27942731746537	0.275604287573292	-0.357437482085288	-0.641733539346774	0.236783661862472	0.963030689392007	0.531232030244958	1.0390792980872	0.631769042360762
TCGA-CU-A0YR-01	TCGA-C2	0.325916119434202	2.06647178739487	1.98499560700207	1.63581236627348	1.40363060186391	2.50921239534148	-0.739572329927093	-1.91724944829628	0.13388308963604	-2.35714542141318	1.15765686810233	1.49684969231591	1.91108209555033	2.47187398390225	-0.723249161369254	1.73411809430911	1.2670345424454	0.22870511412093	-1.32032952052891	0.847069282186593	0.185130761408766	0.179776634570272	3.54271224731848	1.78490179990694	-0.445526278910071	-0.533448698183364	1.56401324134998	1.62264345969215	-1.52324420379449	0.207767932781265	1.78749197632676	-0.470080511527817	1.37706469480174
TCGA-DK-A1A3-01	TCGA-C2	1.38420454934073	0.0774376684308164	-0.366120949379842	1.00045910850363	1.2585169154273	1.13266742281057	-0.58651127488879	-0.012834986419273	1.35715846812776	-0.701500862868285	-0.179403617330703	-0.102697455874094	-1.06386529320447	1.19930379864703	1.49265202961046	0.215109189177672	-0.688732256900439	0.716382157518271	-0.293423887014937	0.289187118307718	0.889262505396414	-0.348599048548716	0.37908312338481	0.46121529733296	0.0710106261343073	1.00888994704907	1.10720460687043	1.04014675719737	-0.44133916449302	0.735366112831269	0.0110534876278601	1.07915561750041	1.39369996201566
TCGA-DK-A1A5-01	TCGA-C2	-0.665967192401867	-0.891270543355191	-0.142856546319749	-0.728855027252909	-0.396875820626647	-0.819178567717752	0.357772512236419	0.406790627383999	-0.324848420404746	0.265941897606333	0.204533560041372	-0.0143048238048267	-0.396530537740189	-0.525787030256847	-0.81118789311001	-0.580423441961095	-0.110695778193344	-0.5569859216458	0.148074939719162	-0.6820120387172	-0.228821993425937	0.239504623824367	-0.45358547297191	-1.00099555910037	-0.357899469996346	-0.280615423376276	-0.270159803061928	-0.350266756686901	0.538272429561565	-0.560149783425205	-0.953011509358723	-0.171418790619449	-0.677798902505424
TCGA-DK-A1AC-01	TCGA-C2	0.620198932090375	0.115391874654379	1.2103020677333	0.930691989582537	-0.278001673669137	0.310318167421158	1.33972045829714	-1.50518865588531	0.216342130266119	-0.22255540089322	0.963581631248171	0.210701844483046	-0.452199963727425	1.59774675231693	0.539492830472545	0.229481190270955	0.871237610681869	1.03414475484093	0.811291909386747	0.557887833483113	0.571263737796065	0.438630126998218	0.0462177251288084	0.643154803701305	0.525884074814091	0.855651277494787	0.0490984800905096	0.710835734414619	-1.68017547673833	0.421878578648977	-0.6697147181019	-0.345052002971268	-0.876823776589967
TCGA-DK-A1AD-01	TCGA-C2	1.36504604915865	0.831020577700522	-0.160852624255756	1.22881194801044	0.944469297543826	0.783137617354954	-0.773069294674892	-0.596834693204159	1.21038472939388	-0.538529632038613	-0.478521318079317	0.870172473987541	-0.270230383210904	0.329828962284002	1.73547355987214	0.52348898614211	-0.199459212897842	1.10673796119975	-0.913044104210945	1.87083118576439	0.947873117800703	-0.884181271604925	-0.323727206550699	1.33246172771226	-0.316594426166955	0.731673443554855	0.735826957458549	1.15192598336666	-0.501425106431204	1.1081685179704	1.30566122986028	1.20033333516151	0.924536636620083
TCGA-DK-A1AF-01	TCGA-C2	0.718961667458435	-0.60264516137259	-0.132038201374918	0.199651471883511	0.396790253142961	-1.05953308564655	-0.74165000868655	1.53765776258904	0.559052579132371	0.711862614612536	0.177451372160765	0.0116588304911704	-1.0870489776539	0.0888959597967542	1.43374053615675	-0.762367931617652	-0.486970366599473	-0.468805031609268	0.156192135236016	-0.487999059960862	0.747270187745759	-0.175157409825532	0.510142978267612	-1.5016982481457	0.461974077963256	0.247607354930003	0.129474727955936	-0.221198185264494	1.4075932767526	0.00777112782587775	-0.726838552742938	0.902032126918977	0.791773903712621
TCGA-DK-A2HX-01	TCGA-C2	0.912904852766311	1.05186898263994	-0.0462612441102142	0.0781076202943341	0.860010585919319	0.69028493203743	-0.514800049092553	-1.00530157082646	0.0199400716913398	-1.26324726444589	-0.164242024799536	0.876505539725313	-0.872379592829947	0.800755404967798	-0.456446837839085	1.23259391311105	-1.04755358206412	0.752370495221603	-1.48575676242121	0.407829555250341	0.696186121014909	-0.58426301986497	0.276351645547258	0.449257656361396	-1.66824520838045	0.569299589181262	0.728742773414711	0.527303064351529	-1.13783390093846	0.621147404644475	0.906472689519416	0.611126467864441	0.768410673247068
TCGA-DK-A2I1-01	TCGA-C2	1.401261824375	1.09712118911974	-0.155292468460497	0.76981829510776	0.876212297624078	1.1024996215114	-1.04773980021352	-1.33504079110059	0.743208867038739	-1.35643614454493	-0.67457006203799	1.78828131754968	-1.36062369359781	1.41661669035218	0.247829663933843	1.30119292400904	-0.830134561802322	2.03291355273911	-0.947524863070182	1.29389395808708	1.17282748735383	-0.674442358213126	0.410754269980167	0.848110137987274	-1.43513858305173	1.85565457377949	1.03671036196473	1.21625869125659	-0.9055579307253	0.889194987533374	1.27352977466025	1.11251577055541	0.523547596916287
TCGA-DK-A3IK-01	TCGA-C2	0.811652357206671	0.322658775873287	0.89154210702994	0.657489839083348	0.428879117059963	-0.313964147063685	-0.551113171458897	-0.828802815524788	0.158358573034312	-0.740793012420009	0.0759418842823473	0.306189955583426	0.497078301020728	-0.388738248474952	-0.96687483624527	0.617611164528776	-0.401793064821497	0.548932244888617	-1.13520216279774	0.194029631655162	0.249928250544977	0.0689068545759003	-0.741535618408743	0.400306743852363	-1.15416228544383	0.598149269697583	0.662643781046196	0.820256732920748	-0.558688720430416	-0.0362673470338578	0.135025701192087	0.807895829870568	-0.000124412322052752
TCGA-DK-A3IL-01	TCGA-C2	1.01301378229265	-0.0381577599016825	0.430668845604775	0.906042342140473	0.690202201977851	-0.11652566738915	-1.36500009443888	0.626747135697357	0.511481135238668	-0.594081931350349	-0.32971382871336	-0.0147361308093181	-0.979832862286324	0.0193481426217823	1.18064714020129	-0.480111410956404	-1.21007553154852	0.560351585594016	-0.7555451490334	-0.0104567120798519	0.186623986198505	-0.279389084770677	-0.510670834905408	-0.672966462008412	-0.053769270441715	-0.0153233419458994	0.402995108682297	0.355951382780006	0.320721326386941	0.205242330542795	-0.0924081150382949	1.54727394044291	0.453199184431225
TCGA-DK-A3IN-01	TCGA-C2	-1.02817373759335	-0.742956695068198	-0.697959610050969	-1.4219127706232	-0.493300264488433	-1.36501690129352	0.374561190806423	1.10032633372576	-0.60522334527124	0.76182142572282	-0.158849999095149	-0.449247972747656	0.245490078240601	-0.407565807547436	-1.05241511186832	-0.768922035569522	-0.00921118096386803	-0.733473870563758	0.637810877354066	-1.08991026793533	-1.04796613309283	0.530966147792841	-0.546932173299139	-0.978124100251367	1.17429405389596	-0.807077437523045	-1.25458497426742	-1.37465741376488	1.66090200449278	-0.23823080075647	-0.381578534422183	-0.381078231005585	0.153464217193386
TCGA-DK-A3IT-01	TCGA-C2	-0.20031230092292	-0.546471172764213	-1.13005025196815	-0.508862282108264	-0.19870912423667	-0.419679509377178	0.219929454256012	0.379979961520955	0.640428969657461	0.672171953748373	-0.597682837684375	0.398177383453696	-1.46254503188805	-0.54023373116903	-0.575837274708205	-0.277425329275484	-0.934751913978586	-0.228526538809308	-0.492440290513706	-0.840522819212023	-0.131007907726514	-0.495419269189972	-0.487653602735489	0.0688598578947478	-0.200015613610584	0.283460535427247	0.309827071427203	0.148164343696125	0.157476371328436	0.587199060471993	-0.795476499913524	-0.165230980081096	-0.0409340511301386
TCGA-DK-A3X1-01	TCGA-C2	-0.230687879637568	-0.205925977760195	-0.584302956079405	-0.397202870462693	0.0235615894695746	-0.257309933534297	-0.41720610884178	0.150624258321789	0.314684197356779	-0.0250145868138139	-0.8150170206826	0.173567332428887	-0.970251837098759	-0.467789217531901	-0.493571068534433	0.118833159754281	-1.15403300411657	-0.001815437805147	-0.765980889605679	-0.506172730240558	-0.0408146014004416	-0.770242232368372	-1.15857600465216	-0.147684070830397	-0.628582927442868	0.316988314372752	0.245825003011406	0.0672632250931552	0.0313490765781922	0.281945672067388	0.0988222598422978	0.591274505841338	0.389494839481539
TCGA-FD-A3NA-01	TCGA-C2	0.594572175936934	0.487700162746673	0.606813692783421	0.684080011261389	0.802182911108213	0.246571228677134	-0.65070520604066	-0.771652801025039	0.228762813025531	-0.883506249320362	0.347163400418474	0.516542332626481	0.295489149964602	0.366180599285383	0.289680492829023	0.82489829847749	-0.104495182621561	0.772234136474625	-0.96550584344364	0.338640894132906	-0.104081480148348	0.378343025547242	1.5465086907613	0.114362346520979	0.702236227989411	0.120623584737635	0.463956086940513	0.40519824158956	-0.525206270819014	-0.169779198543131	-0.000785408236291555	0.193264809418599	-0.133230209648513
TCGA-FD-A3SJ-01	TCGA-C2	1.43628973606753	0.977818823440156	-0.152504357021432	0.75961171720328	1.09968708554176	1.18436989888436	-0.0173585889053319	-1.32341779989966	0.74854779983155	-1.39209491309645	-0.346797320795634	1.12577663574274	-1.12493933605754	0.702259981802093	0.233195046307317	1.27455836153658	-0.0593863737516424	1.17999116844888	-1.28511992667198	1.0218246728108	0.418291214868073	-0.592708580348701	0.885553279320872	0.710660986409651	-1.22397907728028	0.632885436741779	1.30018389708459	1.07222346556011	-1.2676373214221	0.545330437034538	0.928046633810742	0.568551598339301	0.343488653968066
TCGA-FD-A3SL-01	TCGA-C2	-0.242983393734686	0.139515361453201	-0.345840510308845	-0.0710404793665662	0.0886143120382625	0.58705170388414	-0.873231347675786	-0.28452411346593	0.014417069801248	-1.12539077313935	-0.887894488034046	0.694462655251473	-0.909453641896344	1.04026554808791	-0.22732700319859	0.922328171998631	-0.601393870456936	0.667931200593767	0.157046473659314	-0.18601242300206	0.307427301137817	-0.876814251760279	-0.652484287143952	0.155669202111534	-1.33466518354137	0.893069472152075	1.0184066109242	0.445389067092191	-0.597813957653255	1.04652928078138	-0.401288536289861	0.438285046573571	0.951045828555521
TCGA-FD-A3SM-01	TCGA-C2	0.554164202443184	-0.310850343988496	-0.700808209331424	-0.546972697868268	0.437347400812189	-0.438140797758091	-0.996890602186516	0.24903376846737	0.252758880696385	-0.241329843199672	-0.714765600755465	-0.115329975717175	-0.0198237494737441	-0.256383289385357	-0.691968470671418	0.600414106223886	-0.527328673841814	0.0598927900148886	-0.265960861371109	-0.806853307452371	0.339050569429807	-0.307648305250462	-0.870012677474619	-0.536160397733911	-0.0835665317548229	0.0245413888237046	0.0848535346435414	-0.0550500499812348	0.605387039207257	0.15316419552265	0.411589818438684	0.604602864922509	0.249511128099613
TCGA-FD-A3SN-01	TCGA-C2	0.782729056368337	0.732372820135819	-0.615053935007241	0.263018263605241	0.761808859837712	0.78185071032552	-0.365937577633297	-0.144585810223915	0.599046401262796	-0.277532553046301	-0.0976072512267679	0.346411664370223	-0.350759174511865	0.668412706344403	0.760081633947506	0.639458134097039	0.00519315370008532	0.697388975270786	0.140729721002551	0.585277249767729	0.375554857487376	-0.501904920819845	0.0435500748689781	0.837453058917451	0.0555286854479826	0.425793027957412	0.660967006206329	0.250421290827778	-0.0705530291107006	0.403555577848101	1.15304119438722	0.503983175144161	0.964285877057196
TCGA-FD-A3SQ-01	TCGA-C2	-0.000218123972497157	0.395137296600262	0.100894805082338	0.149073098350629	-0.270621003009973	-0.0991037375246811	-0.120391741059145	-0.000226068697295902	-0.183149919224818	-0.30193299212932	0.479394104645088	-0.0424467021389483	0.152452469707884	-0.26943552358898	0.0107197360972986	0.0205873344662677	0.521377017606961	0.257785442505658	0.76446344370569	0.290195295868587	-0.43347994143346	0.251101303757794	-0.259904897350848	0.609936274791963	0.273264294620629	-0.254323493561204	-0.0648116104419016	-0.235293664103095	-0.236697346963883	-0.0881964419690488	-0.206879148323723	-0.313614566451442	-0.306535931107355
TCGA-FD-A3SR-01	TCGA-C2	-0.0354823254969236	0.549769540221584	0.0987016482706939	0.30918651960759	0.201983276258936	0.179393901758271	-0.531447737989788	-0.202518547364024	0.154289610844554	-0.346507814744456	0.927994047459998	0.158172570579092	0.402970191412957	0.218456177879977	0.0968073308253018	0.497765084707741	0.814588364352572	0.369559376416376	0.493931004846326	0.806025853088165	0.486130737172219	0.484076002739101	0.753817685772299	0.476343662578515	0.498035005250686	0.437347946481179	-0.0724629900841897	0.166047999797427	-0.00593654088919098	0.132438906676277	0.312848440481203	-0.212689427595715	-0.00847561700449733
TCGA-FD-A3SS-01	TCGA-C2	0.0981127656865503	0.471967355856997	-0.693245811473907	-0.392629241643702	0.617873280337821	0.133443348364403	-0.644993710356971	-0.552304365862825	0.538614539242817	-0.868740605803246	-1.0631246164653	1.26047537967453	-1.41941918492927	0.44835734193616	-0.586675846004214	0.713358574939752	-1.17175716964679	0.532879114799905	-1.0634383889043	0.122471054909914	0.348150114162865	-0.89280321541033	-0.406831913681605	0.0374246714710236	-1.24384476815208	0.233936032021065	0.54269514501689	0.514979707365734	-0.892872401131992	0.423156581431656	0.020325327407002	0.726658576275817	0.518150327151955
TCGA-FJ-A3Z7-01	TCGA-C2	0.938072899633564	0.967590282178984	-0.551689613222527	0.56355664970817	1.07629611392438	0.643989396263372	-0.910317691342073	-0.804693432018735	0.653935553922643	-1.25045345253416	-0.847542627681774	1.2562658715085	-0.724316182025207	0.137379005461215	0.109448664049948	1.1867187828305	-0.926764896716639	0.967177724746272	-1.45470969884705	0.576453601030815	0.777234854953181	-1.09968719174759	-0.0138480716898313	0.629009673671852	-1.24799423807971	0.649850313466108	1.11305977205267	0.729899086461669	-0.762317937511897	1.04797737210609	0.76535614169358	0.922089967349393	0.80520700188456
TCGA-G2-A2EC-01	TCGA-C2	-0.391594402205185	-0.351439199801554	-0.90519568026527	-0.348920019770934	-0.0436749748775412	-0.778480748266867	-0.942506562793523	0.312994989967272	0.658933222343674	0.203372246345903	-1.30793714491177	0.359286441639735	-1.48819636704042	-0.515362407546631	0.249636436861918	-0.301623286443627	-0.930065304400012	-0.145931535825967	-0.943841468261238	-0.201812304931575	-0.178825737655683	-1.05652014066292	-1.80490672188893	-0.435847708492494	0.0324477769421374	-0.0269441266167967	-0.114009269124978	-0.195347880946448	-0.444079911461116	-0.00926839546737223	-0.835332848247862	0.987050413587572	0.0329255121811732
TCGA-G2-A2EK-01	TCGA-C2	1.26880849004514	0.521262255583197	-0.0361772593647577	0.754956036702725	0.943467719876031	0.580824311604244	-1.10629010463593	-0.554040645175279	0.479686815037247	-0.425688163605855	-1.00218648164555	0.186748799990081	-0.563721673986156	0.205854354487355	0.60565305072643	0.832087046116252	-0.75127337242073	0.330832962730341	-0.818717821245572	0.692502774193287	0.48081730897618	-1.00957814748749	-0.96862345013951	0.240910207090526	-0.654774057777395	1.34314665718679	0.912891460152878	1.15802570828	-0.345413643365098	0.772823330473165	1.26704153331207	1.54368804360233	-0.402296304891208
TCGA-G2-A2EO-01	TCGA-C2	1.19683800631457	0.942966023918138	-0.367355279393204	0.79960280881788	1.21941923704493	1.84787957419437	-0.944646858742892	-0.776199349391242	1.17892775861228	-1.94719902522952	-0.677070137498621	0.852694171434087	-1.06330860518549	1.92436905649307	-0.0920672293763474	1.13290697637778	-1.31129536012692	1.78181761884086	-1.34686761207253	-0.0658748612761584	0.648534711978175	-0.560363179486119	0.699718333103403	1.1461322978048	-1.84479434822156	0.388670337548611	1.66010281506451	1.41086866134431	-1.33831446619746	1.39749391170392	0.838137189283098	0.958392415138122	1.10617489084891
TCGA-GC-A3OO-01	TCGA-C2	0.357631587590041	1.1970651274238	0.702840503796143	0.866496934734875	0.489428415306303	1.15177737524437	0.210827540725008	-0.979111839898649	0.35404691596008	-1.01254249507793	0.291272794823682	0.675635067618241	0.246111671589143	0.906912328934392	0.636510702529132	0.603599751979845	0.0864704848068308	0.518293360184596	-0.380118646574023	0.994080553249571	0.48600950887099	0.0311826597736094	0.526827095994352	1.15717343084456	-0.303276151317834	0.140517872218858	0.595254681070507	0.207802772037665	-0.922561646975458	0.522918613988597	1.02584746820816	0.232787946654159	1.42266092952486
TCGA-GD-A2C5-01	TCGA-C2	0.841481344361227	0.456606784630179	0.144459282598348	1.15499878814226	0.470164975141365	0.619268621244732	0.0818900610865917	-0.688285670459106	0.518591351550883	-0.590785775004582	0.129539326443389	0.257867843373047	-0.597885592747081	0.771378037372298	0.579157360811132	0.793976440901621	0.0143128492067838	0.851807448634848	-0.522702957677802	0.541098566219305	0.296422190454377	-0.258012203905659	0.361291562271821	0.141068577748289	-0.761424423629235	0.412156640600786	0.633744583507579	1.17202389089299	-0.867285245785879	-0.0617549024463978	0.530915457046695	0.529161611014165	0.0869659914245164
TCGA-GD-A3OP-01	TCGA-C2	-0.0764539406987282	0.0871533200954542	-0.648456927731013	-0.629443025565066	0.124044760543146	-0.178483313717615	-0.389267530648788	0.406877398271876	0.198655638053913	-0.0801814611429823	-0.633224060330173	0.641973525051951	-1.04953806579234	0.0774020953761796	-0.971932341898628	0.331341927162301	-1.01132525686943	0.142724757173304	-0.507401998372076	-0.693938118994856	0.178512190971062	-0.711762237374157	-0.809926441264622	-0.214905670353207	-0.855880486122105	0.331619471556696	0.483257677864325	0.186046670717578	0.137488410708561	0.667778241495428	-0.287167037485354	0.470091483402922	0.651055529309282
TCGA-GV-A3JV-01	TCGA-C2	0.961779732373318	0.942618818471047	-0.281230044479248	0.267125534941281	1.11510893552058	0.421854372171029	-1.27471257029612	-0.220652124439377	0.77826892072675	-0.537131822522793	-1.57695918352541	1.50562917755159	-0.465826338398173	0.501781355480047	1.17138932809237	0.869780027921546	-0.898567546513607	0.711884079161401	-1.34795204010945	0.704140114449102	1.19859111285899	-1.46540041078886	-0.981158371420786	0.301771319704499	-0.8761554502607	0.615818710867585	0.69810833608365	0.83559405532271	-0.859475269024481	1.12376515890054	0.283601037144992	1.14125599305313	1.15662198611729
TCGA-GV-A3JX-01	TCGA-C2	-0.233428183804036	0.784947848154275	2.08144994418749	1.16444099764578	-0.671707371044661	1.45983877699624	1.62951648944354	-1.58550157427725	-0.240897252236611	-0.442487458313828	1.59256528417085	0.203808923101155	0.755543430695351	2.23261750337498	-0.216830643081794	-0.408815867513892	1.80612753944331	1.02564426144642	0.444642149092357	0.433287054458306	-0.0297377983338713	1.21103522659839	1.93677471307809	1.47515318807311	-0.166749729486569	0.359650970063914	0.408510207476963	0.947236900457806	-1.79096866274159	-0.211976837004076	-0.974965776142243	-1.57741935441559	-0.703683352712321
TCGA-GV-A3JZ-01	TCGA-C2	0.961840915540928	0.901384149661863	-0.43404028915797	0.516771599916743	0.633041542708141	0.946819098023907	0.0841079215550778	-1.73914327768159	0.95765036069827	-1.26487387748493	-0.592507092597996	1.39551176196713	-1.30996445978135	1.30291635323285	-0.202857111089697	1.46879837767777	-0.599904419010546	1.84612503088998	-1.20496637950919	0.648587689714934	0.554990171592508	-0.536219752643251	0.653012465726266	1.09878773924106	-0.844823095448482	1.13884009683676	0.905616765922111	0.876243919428226	-1.8832809564419	1.23757910950997	0.854865945761172	0.436361640417341	-0.00185667981705643
TCGA-K4-A3WS-01	TCGA-C2	-0.110558074278163	-0.0814465360839166	1.27696652108322	0.234113178140585	0.102364676860826	0.495373723209609	0.586642179191472	0.459910780308052	-1.06562919400406	0.168126022863294	0.73741474053582	-0.552872635631057	1.01337835458347	0.10578184819545	-0.459521937407217	0.0128817410670383	0.965461004326089	-0.666992961606789	0.195651196644485	0.0849579614303283	0.230945712873641	1.0896909793814	0.500637422535634	-0.465292052901551	0.60775568560021	-0.341873712869479	-0.0361551137551948	0.465620583680473	0.457163133704446	-0.499627124361949	0.00904260791119666	-0.76725487897465	-0.532308447680634
TCGA-K4-A3WU-01	TCGA-C2	0.130824050201219	0.508081486034985	-0.00877815746019055	-0.118932807472888	0.00767256954151609	-0.0747467411834458	-0.0686347957693513	-0.473949023317243	-0.0616163402688339	-0.344668622862672	0.433565258850613	0.495243085061904	-0.363846335675442	0.109925885771742	-0.629850243940783	0.343767417267033	0.510216354486866	0.0366756020694033	-0.222767419387041	-0.163917208657044	-0.0676074304425593	0.276573338718979	0.403299466514337	-0.18877108606516	0.0922462987044472	-0.0569190769600807	0.0861116433839895	0.0972321257648655	-0.219082333912116	-0.4236945496961	-0.0845257804659514	-0.0418029758860564	-0.311752876237655
TCGA-BT-A0S7-01	TCGA-C3	-0.325252057187515	-1.14584873104077	-1.02639157659257	-0.873762145381113	-0.570115078021713	-0.336289097450151	-0.0765827350875638	0.776887356847497	-0.214243927511061	-0.16592037062339	-0.610506029870351	-0.902769729570793	-0.392373476199389	-0.782257915148261	-0.45103624268986	-0.284186838682484	-0.489659455157971	-0.2734892982573	0.466598058273833	-0.724903327770707	-0.680331550875454	-0.0190128030378918	-0.22406597304516	-0.350360507120698	0.208371786930579	0.227507582321861	-0.143021004567432	-0.278983827361055	0.457910627134532	0.323873560731206	-0.470277587526257	-0.0466890471208703	-0.200908858376327
TCGA-BT-A0YX-01	TCGA-C3	-1.89249727203575	-1.62851402863624	-0.433208108777598	-2.00049258021361	-1.81081579906959	-1.26767420252887	0.92519251997774	1.49456832430356	-1.44666728798821	0.108464556757084	0.0147890748887812	-0.89987976336072	0.242905535535464	-1.37764680312601	-0.893496275550586	-2.1359401548685	0.323047919314905	-1.94319400844783	0.993681069983098	-1.86668187444872	-2.56593579077695	1.33015808092471	0.0764537787007075	-1.31253588533745	-0.221863921086308	-1.90232450111207	-1.74439750226822	-2.4172815498408	1.32210987079447	-1.07721804760147	-1.94025504934179	-1.67911055616233	-0.639637414076466
TCGA-BT-A20U-01	TCGA-C3	-1.52090985604713	-1.28884062894365	0.189555803722061	-1.39736140757661	-1.50975446949382	-1.30180610455102	1.93427362557644	0.477483669752593	-1.48063626447125	1.19267877040374	1.37213159648431	-0.838762590526124	1.19834899527583	-0.892900233881723	-1.32044224877193	-0.590777035944042	1.7856815726255	-1.51142990794451	2.13972671323126	-0.668771391400795	-0.823207213249848	1.52978715898048	0.682837873344539	-0.791255890933152	0.301786561333146	-1.3501483184801	-1.35977454655162	-0.808604604990133	1.20597082700354	-1.31525217843241	-0.934082315604384	-1.79784102090807	-1.26559153802946
TCGA-BT-A3PJ-01	TCGA-C3	-1.07362910312035	-1.09220007809126	2.15660273192945	-0.333180701419122	-1.45127948053072	-1.01083724993146	1.19233805521647	0.661570508429283	-2.02616935948331	1.13622203397667	2.06449012801136	-2.4033819888786	2.1528890227558	-0.923852748740338	-1.69170825708572	-0.95079228833186	1.99880398037584	-1.45072891039884	1.29986955498945	-0.988635403634471	-1.66713267181961	2.13205224842196	0.756669290554342	-0.854966990354218	1.13149414264711	-2.50486542723292	-1.13217476409826	-0.851895049851135	1.02752932988863	-2.55132016260059	-1.07445814010018	-1.48375152225123	-1.99174285304725
TCGA-BT-A3PK-01	TCGA-C3	-2.44809745049917	-1.73572483612685	0.17278602225798	-2.13379350525337	-1.41799202505193	-1.6354378228093	1.67781260284601	1.58237640121896	-1.66212859345601	0.957100021944799	-0.318614457294672	-1.14470023531283	0.666619384650831	-2.37833766579723	-2.08051752611755	-1.37574323886744	-0.293954019966234	-2.00467269378955	0.217180263446149	-2.27705299561731	-2.06137227542514	1.07832946059222	-0.200602171142868	-1.70164196649007	-0.452770543231708	-1.35318506209789	-1.92670177660982	-1.91219106334925	1.75580016586763	-1.64558007285577	-1.74069621556865	-1.34456212286284	-1.42807298557849
TCGA-C4-A0F0-01	TCGA-C3	-1.00573442710729	-0.291982826420703	0.228881406728171	-0.82375058466712	-0.263656049741796	-0.0889130117176017	0.673979827716578	0.57009528455744	-0.42097999945008	0.776283004516403	0.495023430780099	-0.188135371777166	1.50138030854487	-0.124888498792989	-0.543349394725362	-0.787297530987339	1.69666461427055	-0.591040377222337	0.679670191777344	-0.35241936697015	-0.926491856616925	1.10882627650069	1.70257954753456	0.0378391124012797	1.30001298399531	-0.4087073961152	-0.00586405107243124	-0.532109798791037	0.92706292473604	-0.794226007035778	-0.772145827920159	-0.429256377657541	1.05810782497012
TCGA-C4-A0F1-01	TCGA-C3	-0.865655126277034	-1.21233842790546	0.668384172021917	-1.13760517418902	-1.06252449529069	-1.15112520432394	0.538380687035298	0.753303091062191	-1.74319968408326	0.881445994878119	0.788980001444493	-1.75354578501966	0.246260641802293	-0.81278454012828	-2.13662472323783	-1.09518030049875	0.545590570770468	-1.1048804920571	0.587363075904221	-1.39304031030164	-1.72595726179686	1.41506999908687	-0.213093116763952	-1.13082477728515	0.987311888237132	-1.28292332007964	-0.545124809987198	-0.950643788916292	1.08370249900233	-1.32338113507739	-0.578013230212228	-1.33732428470419	-0.36161621846204
TCGA-C4-A0F7-01	TCGA-C3	-0.032560226183689	-1.20879199316065	-0.798170478467331	-2.43057858199473	-0.26890674113667	-1.78699351805271	-0.755597078780174	1.01076462332033	-0.963053935806637	0.516961982388672	-1.08260379113565	-0.740110546702011	-0.183314657844706	-1.29227201465958	-1.2376637285792	-1.34213760310333	-0.71478743448445	0.00991720452770325	0.0535002645572687	-2.0362893377618	-1.44069634813513	0.161448223844795	-0.446241537719804	-1.51177909122511	1.50684388309776	-1.07585099769748	-0.657197503917348	-2.14962323674725	0.93245822931064	0.149991512687094	-0.92076619888563	-0.752178383579494	0.965005832750303
TCGA-CF-A1HS-01	TCGA-C3	0.203500991187889	0.124263686290305	-0.0260063233473029	-0.11253864771802	-0.270276198571041	-0.284981407550874	0.0854051073409264	0.405110595299574	-0.209406108569248	0.363500960527373	-0.203890973143283	-0.320789386928061	0.213223829052881	-0.00173082521801534	0.476721114697322	-0.209592364637503	-0.855523728667511	-0.352627911035951	-0.107156539834475	0.0731756797783255	0.24597637286138	-0.638747917667087	-1.15426453182683	-0.22068446402161	0.485571104283421	-0.348947145569759	0.0250679586074948	-0.263633753886789	0.110927888511476	0.73745129205122	-0.231641523209925	0.118765737007877	0.522981364776447
TCGA-CU-A0YN-01	TCGA-C3	-0.60023859788723	-0.681620381157895	-1.0166856408558	-1.1862374476161	-0.75112608166796	-1.1392347562115	0.363185465317883	0.437485059724995	-0.327244503715067	0.911409308440668	-0.167988925902096	-0.419610440187105	-0.714820033037843	-0.321011433174832	-0.532485663523797	-0.884570035374122	0.0363939413427178	-0.232570833421513	-0.0355581428508216	-0.762296620805874	-0.3890526554212	-0.178876515477554	-0.580083627329135	-0.53601429226755	0.399113911666547	-0.0216123575095063	-0.0644746811981316	-0.114756114445422	0.317263601008398	-0.249838812223333	-0.901175968418668	-0.234503308458303	-0.316407106197929
TCGA-CU-A3KJ-01	TCGA-C3	-0.109516699485389	-0.989051770728976	-0.405764113553249	-1.06738817719667	-0.409908139091848	0.0602656551908582	0.475463944566692	0.487375243272376	-0.128780327138769	0.0670634356000283	-0.238108280025881	-0.846403656112102	0.620755656145815	-1.10121910569613	-0.692951955578752	-0.554182825580168	0.0137792228134981	-0.18493944386763	0.234821992372252	-0.68963330238955	-0.463266367301842	0.0366009879061072	-0.557869105801599	-0.660737570905329	-0.966484355231458	0.0185142358656171	0.062458149546365	-0.129004606151652	0.58018810964163	0.0912723768487207	-0.152578151735858	-0.0866367256843665	0.792160003053147
TCGA-DK-A1AB-01	TCGA-C3	1.17268808902229	-0.781623572961052	-1.79817437477508	-0.774528456848517	0.11070179876375	-1.1256677934668	-0.397436044068237	0.793541028737274	1.10334244465393	0.988562519669067	-0.506625485414816	-0.468502364694993	-2.28952755130529	-0.136773407556639	1.07708672033627	-0.335156516708269	-0.948845988852573	0.242890627232476	0.0148510924421946	-0.591562639694298	0.671062284054607	-0.927280720715539	-1.18538009860258	-0.80576138550633	1.08455547142527	0.788277294675466	-0.0380713382252205	-0.348457767603308	0.580754132118182	0.428515752475009	-0.528397142673048	0.452980552862486	1.17770622014423
TCGA-DK-A1AE-01	TCGA-C3	-0.406624738106081	-0.437360325355533	0.450043857299967	-0.129181866735051	-0.95049251434877	-0.0769105530176756	0.911296190007037	-0.104248670654324	-0.67976515864421	1.33543647714	1.87580065328923	-0.0552280644374838	1.09941586091346	0.751159883317423	-0.557563890547254	-0.145844587611177	2.06608793047783	0.109011169526463	2.00109183805218	0.387787582120441	-0.0916667124837248	1.03579784812204	0.698099904933229	-0.470339761110312	1.34522493002957	-0.0982482666492087	-0.732615581570497	-0.081418158713646	0.0360284614267007	-0.893413990763367	-0.289583836001623	-1.56020185089905	-0.727626627417342
TCGA-DK-A2I2-01	TCGA-C3	-2.04555222887832	-1.28447726478607	1.33622664831738	-0.850745735920496	-1.90638561232396	-1.49930084525124	0.735720780951391	0.480331539524423	-2.35438114871544	0.892779348690286	1.37170422812452	-1.27988273307938	1.57794219843887	-1.04516812594653	-2.20321035252288	-1.08476993327864	1.24286596928439	-2.14837317679189	1.20210892307533	-1.82742732564831	-2.75359335256175	2.29811216038136	0.436693096363137	-1.13806890459728	0.449482573362887	-2.9635972021874	-1.33059853885217	-1.49928029610934	1.21320867828446	-2.31112590728586	-1.39336277561029	-1.87161402844869	-2.15178563372818
TCGA-DK-A2I6-01	TCGA-C3	0.954617025520146	1.14220821289015	-0.208472622512453	0.38393456538214	0.587052836454511	1.01138386749576	-0.148306888303654	-1.09877966371734	0.642791676343436	-1.86669287127369	0.0328056786472608	1.4636698742028	0.234197611848511	1.64629477845226	0.409661032797086	0.845265893531674	0.041050393874162	0.577688669221954	-0.647606320034974	0.989951469357645	0.783730822619121	-0.105116829167221	0.631095863812145	1.15251901672224	0.498771505881717	0.540782566596046	1.15335940718761	0.179306897414103	-1.01178507338157	1.03152853442771	1.73627358409111	0.936705159309869	1.86775187545084
TCGA-DK-A3IM-01	TCGA-C3	-0.933020206054336	-0.63228511550777	0.180342276819106	-0.901138938099853	-0.877040252019612	-0.741807510141575	0.901730222501507	0.254499349769427	-1.21707174519425	0.543150985244688	0.898273450178925	-0.986001644275328	1.25003841397224	-0.721231767271409	-1.40084759429795	-1.25775628634273	1.05427350812422	-1.21050342971859	1.13597580807883	-0.697852996898722	-1.32230770303254	0.98712691950409	-0.0731241647514985	-0.460489672886729	0.274515319322729	-1.65952832755243	-0.620491210326167	-0.727987336344501	0.693303301812864	-1.04089510792424	-0.364386388190127	-0.818612019523799	0.204944662137635
TCGA-DK-A3WW-01	TCGA-C3	-2.34931075720616	-1.83211122443168	1.00690844038716	-1.5947512087396	-2.47950384985293	-1.81668847100424	0.436008853203326	1.05203125756403	-2.75253753603652	1.75187475879589	0.694185384337532	-1.87722739684817	1.47705578811036	-1.74254086236831	-2.30739970925412	-1.34176530671399	0.85424539246504	-2.22378609779776	1.50471337015135	-2.33435182767795	-2.23184983517765	1.86034924596628	-0.550278659102219	-1.76253954345643	0.288778173921699	-2.35938214221842	-2.44283465587036	-2.23378973864853	1.67301540860561	-1.96194104034499	-0.934584582768678	-2.41578529917089	-2.24338524038893
TCGA-DK-A3WX-01	TCGA-C3	0.816305238420821	-0.00349935197189885	-0.908092480794331	0.121580012298487	0.0454914650798704	-0.179385855648884	-0.234837381051705	0.00292260681917336	0.788244749164124	-0.0230711780063397	-0.807801064122889	-0.262227776269618	-1.26847123149706	-0.52160363013117	0.663902486182219	0.137658851245156	-0.559872727922716	0.542838501728662	-0.0528174785270168	0.342871938551453	0.194079114382921	-0.769771112416473	-1.63043669664143	-0.447720948131412	-0.193454491395944	0.581606823567003	-0.134067653210519	0.0109921886283364	-0.15571334951394	0.230421068946212	-0.0301958069263008	1.15608422487029	-0.0594173261183512
TCGA-FD-A3B3-01	TCGA-C3	-0.814466305849883	-1.20951281323073	1.37365652456943	-0.316379595823012	-1.42538191379237	-0.477580160357301	0.393304535656349	0.503750632924578	-1.53166062963937	1.00833637860722	0.955788569475063	-1.33443885183903	1.55613862596831	-1.08017175695338	-1.03632334676462	-1.29515271301287	0.804750011078672	-1.20504530187388	0.731563897276414	-0.791962689945197	-1.55951025442139	1.39590299484701	0.461819302095796	-0.803694886161884	0.332529613640972	-1.38973430420797	-1.23271623005525	-1.01199917686307	0.762652109100626	-1.53151178672334	-0.884475283362637	-1.2959358816717	-1.44173545412712
TCGA-FD-A3B5-01	TCGA-C3	-1.03071919858985	-0.357849901891524	0.532213754460539	-0.501832184816604	-0.502529070070578	-0.683217022267042	0.776368830778042	0.593158494238027	-0.424121648866043	0.536771725109197	0.554041432697357	-0.768172898645362	0.652184813809038	-0.712348736864178	0.0908704439318083	-0.612703278742081	0.48245244794428	-0.753114330792827	0.817723959949303	-0.558640880788042	-0.681938032037317	0.525382803042271	-0.43126565761011	-0.254002215658531	1.42534712072421	-0.647064474786081	-1.06292887426775	-0.95748723398153	0.749424159464324	-0.583767959455495	-0.622087113510399	-0.36013550067247	-0.290988686463663
TCGA-FD-A3N5-01	TCGA-C3	-1.84432429932382	-2.01478959499322	-0.685483992764309	-2.89145888083827	-2.53407730097716	-1.86124432635811	2.60377589294503	0.86848289070927	-1.55983620712654	1.31893431909857	0.8057768681731	-1.58673030183322	0.822861491070674	-1.81991666456944	-1.94388465348814	-1.50864036091332	0.512437753246652	-2.12946746454192	0.987103906084679	-1.99280844259949	-1.38875730575239	1.38052015568111	-0.687728610973801	-2.14450896791372	-0.394137366534338	-1.37584055212117	-2.1747166649179	-2.48406279624946	1.24050423880157	-1.62523269948872	-2.05548431286563	-2.00427467926116	-1.59206321317716
TCGA-FD-A3SO-01	TCGA-C3	-0.924721005415735	-1.13271183749682	-0.377210544488406	-1.31288641372109	-1.42953788272431	-1.12113277119913	1.63671407283567	0.385371756798498	-0.281033472450225	0.77614177873926	0.198047818241469	-0.453976812344327	-0.20104442234142	-1.2471076836097	-0.952108767228114	-0.794954657832721	-0.173022727565373	-1.33890938606518	1.00773876097887	-1.03630607650156	-0.709200380214353	0.382230089201162	-1.54576806638397	-1.19933869082047	-0.415543250883658	-0.478821755697595	-1.33477322166096	-1.54900337974967	0.906505267382147	-0.827198787114379	-1.09019443597958	-0.691310095604256	-0.836496921819802
TCGA-G2-A2EJ-01	TCGA-C3	-1.96055861187456	-1.89139940646285	-0.876302339653869	-2.58551465562595	-1.40316874786723	-2.0831458032609	0.560123395281994	1.5918858751339	-1.46794047339269	1.39027791043304	-0.0318242164244213	-0.520798449971463	0.967215624699652	-2.07788009989903	-1.28184549510157	-1.90223260081885	0.0870158673371322	-1.81711422391384	1.95521706767303	-2.23422417801972	-1.57837299324086	0.973866263842144	-0.719223854928387	-2.21227660250924	0.231207705223921	-1.42107340468918	-1.51514415983909	-2.02963675517082	1.944938485153	-1.15404278982294	-1.21537728244198	-1.26120126081626	-0.640524329918316
TCGA-G2-A2ES-01	TCGA-C3	-2.1847357116452	-1.32647579393619	0.1317927505623	-1.91492920509312	-1.38388608830408	-1.63173527192273	1.00422211974536	1.81732402659451	-2.1574268164937	1.10502694740946	1.14855562979912	-1.29233172072558	2.03888468364115	-1.12470886836387	-1.79820880031056	-2.34347053728383	1.55293408310294	-1.69965527028609	1.53728477741574	-2.02838200053219	-2.56283993334284	2.1280091917173	1.45534157280331	-1.53549512152842	0.672389560635531	-2.56335197806512	-1.29022030400538	-1.40499720432226	1.88915889751711	-2.41223876178253	-1.67724635014078	-1.96524297659538	-1.43774593146144
TCGA-G2-A3IB-01	TCGA-C3	-1.30697216507072	-1.27271431697571	-1.772428292161	-2.37774479867972	-1.1612465308489	-1.48302063061016	1.14859732218098	0.84501838105716	-0.54462546274607	0.975457004406867	-0.741147553367868	-1.23488164041087	-0.496713786195397	-2.33792652390758	-1.0314871753529	-1.05111216817118	0.00250917650550707	-0.798980946881769	0.691296253901901	-1.00989918892803	-1.12163418017089	0.737004351645026	-0.26647894886184	-0.831192604684251	0.146014351004883	-0.400998222623451	-0.993381077126036	-1.77563761248535	0.791848755341328	-0.761683072594488	-1.50281053356628	-1.19473059752635	-1.00872165464804
TCGA-GC-A3I6-01	TCGA-C3	0.761095324255799	-0.562700906742205	-1.17858182089704	-0.118816316781262	-0.0655586998325477	-0.105620618354892	0.439560419418744	0.533265658126452	1.59945159358847	1.04636306229592	-1.35736476099939	-0.265416695754087	-1.11507747050166	-0.98498536908684	1.22688393620777	-0.116601791983798	-0.707967852741912	-0.0388735600841021	-0.173139965849392	0.077911066926315	0.639976378763166	-1.4386432902192	-1.65455517844264	0.419152674629277	-0.47142027175293	1.02722026782067	-0.0330082733321755	-0.321164374537303	0.275141041550282	0.815397024070003	-0.530432773536029	0.475915439265739	0.748193596086116
TCGA-GC-A3RC-01	TCGA-C3	-1.61977165770898	-0.959451346784305	0.860248438750135	-0.504960065966802	-0.518530875934278	-0.709357684921267	0.469861321997076	1.35076003946223	-0.827351084022185	0.0774249073659711	0.492431114847976	-0.569993893862309	1.42699156142091	-0.721427289442947	-1.02743813219428	-0.605472343617176	0.337645974671439	-0.850544245354084	0.787330560050196	-1.26475631835531	-1.20912203367376	0.634888379188628	-0.344551849465962	-1.02725547409618	0.110082835669413	-0.876565298523577	-0.929477058713632	-0.652037514555987	1.08727686648656	-1.01546017365439	-0.292202990231199	-0.418348323223013	-0.599253648340242
TCGA-GC-A3WC-01	TCGA-C3	-2.24403678414326	-2.39685181134054	0.0343397496643086	-3.17820311124363	-2.37476861285632	-2.40342000322916	2.15481112605635	1.65542739631088	-1.45737700403047	2.16401693454685	0.384428176157526	-3.02537729705939	1.36482910611819	-1.82811052771858	-1.45253886335659	-1.96748820438479	1.62109003188974	-2.13453277257962	1.41412212142525	-2.34177983615539	-2.44505880421693	1.61416484207338	0.908443539514178	-1.9472417826458	0.382260395538637	-2.03682822595818	-1.25460037479152	-1.74604958079937	1.90011285543471	-1.81880143321944	-2.06228363386496	-2.1641003519976	-0.817604207600489
TCGA-GC-A3YS-01	TCGA-C3	-0.696893748566759	0.13539227065232	1.47597813511354	0.173210699880922	-0.510346725981458	-0.303213176520208	-0.0838265340056721	0.617865427617332	-0.725737510549672	0.532774946794813	1.31395194963586	-0.79502542207457	0.749757869472135	-0.804755870629022	-0.488203622015513	-0.351322499770434	0.223805677437288	-0.154339788132191	0.847129674035401	0.602175461155873	-0.17829134351149	0.564410180441665	-0.673470587063583	-0.120993529196885	0.956012747034259	-0.335592768835595	-0.932183900459414	-0.659558429636594	0.876829597608643	-0.871531036777802	-0.453247832961503	-1.04279880475819	-1.41257657713482
TCGA-GV-A40E-01	TCGA-C3	-0.533087056136665	-1.08536670382686	-0.402787922732363	-0.216507946831829	-0.403435118069675	-0.676035813802927	0.0210726104075096	0.274721643657142	0.566503860751013	0.677483582537162	-0.0659280295173719	-0.527422541711825	-0.126315296691062	-1.12142887101097	0.412521361577199	-0.372927071162502	0.138913589766068	-0.2779640512815	-0.322972753445873	-0.387339895029355	0.132707685482256	-0.477803869845665	-1.16963185724979	-0.617258667793866	-0.0847490892468705	0.545618768424234	-0.411736535854708	-0.440834296883966	0.0966063802121474	-0.173533371581752	-0.353855077275327	0.137316702396263	-0.157391792261543
TCGA-K4-A3WV-01	TCGA-C3	-0.239722484407272	-0.754899325562694	-0.806540956080914	-0.969342239794739	-0.382669913892015	-1.4473137395339	-0.3722425226846	0.581333406869872	-0.0930049652789151	0.753105337885375	-0.0926708067251656	-0.134440598663015	-0.318553649252672	-0.404586514260338	-0.862994448016094	-0.254180089817663	-0.0397030224307465	-0.971336070947619	-0.421100744345374	-1.27874135370076	-0.359730800593809	-0.183792764347029	-0.606832596860437	-1.32028251375056	0.917577078553498	0.0209164709865527	-0.605241554330223	-0.789818394727602	0.600598672145747	-0.315264751884633	-1.15283898362239	0.273128284833971	-0.0384705096937235
TCGA-BL-A13I-01	TCGA-C4	-1.15361896769787	0.210103453196373	1.8162495097163	0.625297209665401	-0.376645807403212	0.819020132337515	0.675284487167029	0.860135285136964	-1.16742371788331	0.173622281410209	2.81616661697613	-0.47023241249422	2.59211711790671	1.09816463179555	-1.24121954035255	-1.66878929086845	3.08597539434817	-0.895424305895339	1.75491752238012	0.0944529243692975	-0.433115431847452	1.99628908841684	3.37085753510142	-0.563696192977986	2.95617263915981	-1.9915278436453	0.106151489801641	0.911001346704481	0.592766649839548	-2.7213598041749	-0.882445146046765	-1.8670134072808	-2.37674515477058
TCGA-BL-A3JM-01	TCGA-C4	-0.693427798874777	-0.276228415822259	-0.630961764731515	-0.590993351018268	-0.157388141048174	0.112520640110014	-0.778128763619758	0.490226066946772	0.375756452620401	-0.653182106411889	-0.587308862892914	0.132089943787812	0.145825885195015	-0.0592808082827384	-0.258578401445994	-0.397696227270935	0.281016662661432	0.477722124732868	-0.0699859549523798	-0.427858538503215	-0.678852620579283	-0.144604907040211	0.434698087891599	0.363598055500431	-0.440336158389446	0.491773655256448	0.41453198351429	0.611474555802834	0.0299522359852719	0.0898251891193913	-1.24016163151662	-0.410003271944706	0.180086655556792
TCGA-BT-A20J-01	TCGA-C4	-1.12332452795102	-0.477913035698411	1.56040470131921	0.426801511695085	-1.15558433948584	-0.185336737774163	0.826657705950809	-0.671192051705903	-0.921217697470331	0.214990834777985	1.50449570944857	-1.47461489666244	0.50682745597546	-0.0601700147262349	-0.941507634944214	-0.466914903663062	0.528040702749928	-0.657076514494992	0.440675064248438	-0.0290438113442062	-1.13153064292042	1.10288557854216	0.481931663191044	-0.00632864449640014	0.473642063551103	-1.23738572105353	-1.23841328319013	-0.920790756684198	-0.337348336847525	-1.09406372310947	-0.922973276713347	-0.771097659656356	-1.94590330795799
TCGA-BT-A20O-01	TCGA-C4	-2.34331689007828	-1.8887960968764	0.249813035216631	-2.37993300798662	-2.58908394167258	-0.678012365927821	2.66210893591754	1.61924147448074	-2.10571229174345	1.55904537875596	-0.0513280171057355	-2.35861890461883	1.26770888994676	-1.6232052278099	-1.49535828784301	-2.10637163260393	0.655913738491024	-1.94209824793355	1.55193207304641	-2.82124038786663	-2.79221652439681	2.14645316392939	0.389062501370972	-1.37792533719551	0.0283431868244551	-1.85222457773578	-2.41503670988235	-2.7566380337017	1.50432402074572	-1.63721384269466	-1.34585808158928	-2.11272782759426	-1.15769889729002
TCGA-BT-A2LD-01	TCGA-C4	-0.729807661206413	0.405177463549785	2.36888216494414	0.796316399674377	-0.567083654756847	1.06960431126049	0.705358917508815	-0.641004152115343	-1.08822822102093	-0.405021888027313	1.15537409042103	0.341386408226134	0.970175120500978	0.813661804152385	-1.06287470449028	0.522328666755791	1.00812913692404	0.338934274863479	0.224477111050807	1.04501618502238	-0.898715676374907	0.96823999482929	-0.199866972429513	0.866333570177041	0.853873885826879	-0.471426386029353	-0.383693664494643	-0.311846667050957	-0.567838867033975	-0.626728657638122	-0.118699869292313	-0.231272486886814	-1.08391031282401
TCGA-DK-A2I4-01	TCGA-C4	0.411819260408073	1.05907384040712	1.44679823335355	0.277608365019591	-0.175420214251225	1.33365041103589	0.053677987167341	-0.411853683604879	-0.328166176303833	-0.628774620843554	1.41891978601014	1.0805004984516	0.881414835595672	2.17903958871587	-0.0995377765999079	-0.21257668778517	0.388825550469564	0.410375527861135	0.872776821989923	0.945757929792267	-0.0946199548550677	0.560466233415774	1.22905707109042	0.608365454985978	1.21622416382829	-0.327292648461602	0.518985011473989	0.720321811494802	-0.428852916660626	-0.595965965552525	0.925821083176262	-0.243549757392236	-0.484640078288789
TCGA-DK-A3IU-01	TCGA-C4	0.227219665831051	0.136700151659483	1.51532618477954	0.536027841817512	-0.467676046996888	-0.186190882436752	0.283177825442028	0.210405953849317	-0.345045325795555	0.334193917525862	0.944997558541454	-0.518291339280596	1.04101891326912	0.260296632013707	0.0540178672892175	-0.549764978194058	0.668393133502571	0.624723672429169	0.511482528185272	0.184024929570335	0.105669540938967	0.767239035415178	-0.0955189245482735	-0.326021792187626	0.303495500346048	0.111910214364768	-0.35779956551841	0.0278163969396448	0.293846374936461	-0.360145483943433	-0.458879020591956	-0.748900349489967	-0.58542300468966
TCGA-DK-A3WY-01	TCGA-C4	-0.301955688942286	0.484836396841567	1.02965961875443	0.44128158589964	0.0652253888833921	0.475484171972243	0.613786731018196	-0.0517516680924282	-0.237089994632173	-0.370239666720674	1.47003776361103	-0.0301635530189589	0.502815807336476	0.868837128500082	-0.0402302881108948	0.372741651936113	0.785731648203814	-0.335597237459903	0.0183743396507503	0.230621080698278	-0.226560549564509	0.691657436021023	1.02854726125415	0.0441248721934073	-0.339217611611189	-0.364644792127568	0.11539659553165	0.312912632998364	-0.124062672938658	-0.70850515569211	0.379807535507675	-0.544107087423742	-0.379705209161799
TCGA-FD-A3B6-01	TCGA-C4	0.0698859442042269	0.155348080272592	-0.179131766387018	0.764557810330226	0.0790167832049796	0.17140317385421	-0.447417893019501	0.805881079786105	0.332858996882213	-0.308031813992044	-0.153095542751182	0.211950548338134	0.389835349795736	0.238165199943618	0.717947664955727	0.360498516422647	0.051900797204292	-0.059442262529185	0.330843878910723	0.175470022370899	0.35993537432224	-0.205994080200887	0.601352213759301	0.146807372254638	-0.754414184566537	0.571375451073625	0.461492573475402	0.738284746002157	0.366453812668501	0.475830132654245	0.664228391019205	-0.0609310479977493	-0.0136029113770275
TCGA-FD-A3B7-01	TCGA-C4	-1.21469029510821	-1.89627340373674	0.376797334428183	-1.52536203081718	-1.80509799797438	-1.37660411526414	2.12963901571184	1.09751255691271	-1.56913892924711	1.10430216606261	0.922583605782198	-1.45895390531627	0.855751642738853	-0.990665836664558	-1.01500099530459	-1.43106902011357	0.74463168205663	-1.62262972059883	1.68043973690785	-2.01608325008563	-1.53795498280175	1.79330548674167	-0.15470211128559	-1.8731693498973	0.617006663923716	-1.54605210831477	-1.56632580529821	-1.76249292012495	1.36652286271657	-1.50264510350735	-1.34062593073239	-1.30218156733048	-0.898671193066261
TCGA-FD-A3B8-01	TCGA-C4	-1.32294502876511	-1.59582348039112	0.66661348497748	-1.30067097579562	-1.70961873881256	-1.43984125239593	0.966372007954899	1.81248147257534	-1.56380231888343	1.48395897864932	0.761408719572273	-1.55998178421012	1.54613652745519	-1.64314719873138	-1.38704337510026	-1.53620415999917	0.726648881512036	-1.63229913123281	1.37916288075587	-1.54226665158494	-1.84373140861245	1.45086379858149	-0.0237413564820951	-1.83160513535709	0.273347806766968	-1.93245127015182	-1.81595290032291	-1.93126334114691	2.11791193985058	-1.67315089399217	-1.15523682638269	-1.21547545966589	-1.08855367215032
TCGA-FD-A3SP-01	TCGA-C4	-2.40424677253124	-2.24509683071897	0.540038423817831	-1.92971972378379	-2.25550128159539	-1.67717289098816	2.23699869250306	1.15650611431184	-1.75174662141002	1.59752037286761	1.15372869814517	-1.66287713808725	1.33673508385115	-1.84395556706549	-1.41665518616884	-1.57444629860083	0.893726078522256	-2.38321580683742	1.79632319421291	-1.88434675789133	-1.42641230054226	1.37525014308902	-1.32979802480039	-2.04715950341724	0.0877672426725716	-2.10631978384255	-1.89482012498313	-2.30972126542026	1.50738511314449	-1.79062892386561	-1.95490229478323	-1.4439260657569	-1.16396562593694
TCGA-G2-A2EF-01	TCGA-C4	-1.09771641183072	-0.246427833724794	0.367246871346236	-0.758488956638233	-0.740107100601983	-0.387201937241933	0.891455993980794	0.641241258652823	-0.700095039691455	0.730368639121174	0.729176536847185	-0.452239154364164	0.581027977643674	-0.571557931739877	-0.337118389143077	-0.421091117842391	0.685106782385741	-1.0498973817427	1.32394594913281	-0.40759626460907	-0.778838754576507	0.799028165756778	0.291173301158532	-0.535559108004782	0.964615454353095	-0.30744783760914	-1.01733761905443	-0.815993019797685	1.02298987820162	-0.538855070031716	-0.0808414817836346	-0.673002778637613	-0.583475562587028
TCGA-GD-A3OS-01	TCGA-C4	-0.353684138328915	-0.453257437434518	0.665561091049549	0.18351052954617	-0.303602876081935	-0.537117112122923	-0.490211692550773	1.89801172137452	-0.12739450049972	1.39808737023114	-0.417986835700104	-0.911553780915037	1.08100477768321	-1.74633773516478	-0.0731579194865247	-0.613001338237203	-0.582456778268412	-0.868985571435453	-0.258112975288379	-0.238037686479983	-0.152583796404184	-0.329248033330823	-0.551217012978153	-1.01618817106203	0.375556027680621	-0.707232553234094	-0.620265906362584	-0.321146079520521	1.4316341301851	-0.702477111457223	-0.0268978676011332	0.091632384604435	-0.565525268387699
TCGA-GV-A3QG-01	TCGA-C4	-0.557344592208528	0.165024912120122	-0.139174821536401	0.236041367987572	-0.0192062107373546	0.555743466021256	-0.146493413687437	-0.438220402528105	-0.414158427901086	-0.372828805968292	-0.215683084957273	0.205263736023233	0.155650492595367	0.0794870199182236	-0.621197424246898	0.561568915494725	-0.770902032147678	0.513455474140426	0.335009023848183	0.287514610142509	0.106934933492746	-0.51698160679796	-0.605333088785432	0.506275810722032	-1.3774597398129	0.402216952242591	0.426805231553846	0.353809757027655	-0.529984673792478	0.661688540164055	0.247790595703803	-0.149209332513026	0.807032309217335
